   10.865825160542167     
   2.3526833183798241     
  -1.3151535365712093     
  -2.7475000410213921     
  -19.687606796479674     
  -4.3807075651794136     
   10.853143259595553     
   5.8449534997969419     
  -2.9288821434304149     
  -14.610368666211505     
   6.9535729078114059     
  -2.3671518521454655     
   1.7684529595998637     
 -0.32349806240521789     
  -4.4073146283562563     
  -11.810436841669235     
  -5.8501695742101854     
  -10.463529128413581     
  -5.1111676247729454     
  -10.007692504831315     
 -0.82866297858947968     
   1.0557537750831545     
  -11.271710318342308     
   7.6901483583697008     
  -2.2553539404294978     
  0.72717990040366454     
  0.55019614206819067     
   17.138892432068062     
   4.6462062485861253     
  -5.9457601972219711     
  -12.256684735746312     
   16.195028077359449     
   13.655254774741065     
   20.529353046445106     
   5.0923614209307688     
   4.8617189449894784     
 -0.85804129593954059     
   2.0080064260899402     
  -7.0004732770877753     
   15.651987638279884     
   6.1765175932507361     
   2.7173821981227073     
  -4.7950581255421287     
  -8.0976625896115895     
  -8.2362981795584105     
   1.4369583821623058     
   2.5663447493638962     
   1.0853944895484866     
   3.9625541661119188     
  -12.548549036003505     
  -6.0390064112381614     
  -3.5461329687036698     
  -14.571277325760605     
   9.9704876437709711     
  0.44172218601571650     
  -2.7709520958489922     
   6.0937994634547348     
 -0.68765620796042470     
   5.1605020389619085     
   13.109316622179554     
   5.2488106028505790     
  -1.6657693177231598     
  0.54766657082377790     
   5.8128611400692876     
   10.631923162399936     
   1.7371754229766252     
   11.360809141151396     
   20.127749002214298     
   9.8293556931584565     
   6.3339851248255394     
   14.819237051790353     
  0.86569823737823881     
  -9.2414002172514831     
   8.1229734380527212     
   3.5284489182516574     
   1.0929487966231790     
  -12.944452687654120     
  -19.362928719322166     
   19.189375039516243     
   5.3720051072528046     
  0.81960604560425865     
  -3.2990356660357048     
   10.715651966718317     
   4.6469441485956754E-002
   20.042036504963978     
  -8.9785671059009040     
   9.1206764279830583     
  -7.3130664440248347     
   1.9316459602233707     
   3.8894214960541298     
  -3.2963509677086527     
   5.1236570042015543     
  -5.4174646350225535     
   2.1398946559934582     
  -12.260034322217205     
   15.160176180009508     
   15.210597090013383     
  -8.9192127900470197     
  0.39037656650241892     
   5.6344487338236986     
   2.6942329523302972     
   1.5346116327636170     
  -13.780751740142660     
   5.6195725505449667     
  -13.125979926522527     
  -8.2381963117241970     
   7.0952340575166790     
  -10.280247695758545     
  -12.073748937668240     
   3.5074871257581219     
   8.3211161836114744     
  -21.947501327766894     
   10.212590707438137     
  -1.1926820578537383     
   1.8165180557344385     
   10.464232000692672     
   5.5873777024426614     
  -9.6106414797874606     
  -2.8456179130194394     
   3.3694624634399917     
  -13.802950487565623     
   12.687040772530986     
  -3.7737181691374615     
   2.7667883855431565     
   13.368541161551974     
   5.0612306600278352     
   1.5239769061728865     
   24.091994492918076     
  -19.113658064871974     
   17.071356301937897     
   5.2443515678182306     
   2.0680294846662295     
  -7.5794321555899478     
   6.7636283757467295     
   6.3347550684545952     
  -2.2618125015342856     
  -4.4871395998910844     
  -14.281627151359951     
  -14.025848141573551     
  -4.7118753902860266     
  -3.0801098476350894     
  0.87365702991165306     
   9.3347726431056497     
  -10.637653450538211     
   14.674054059598779     
  -10.694944991985965     
   7.8253923006753130     
  -4.6896850558288881     
  -9.8366659318897032     
  -22.096177064630893     
  -13.467463114249973     
  -18.311211227758669     
  -17.043375398129189     
  -9.0372294989310262     
  -3.6116421060802688     
   6.2051760521620336     
  -13.208507568204025     
   8.2980234572870675     
   1.7751061857084107     
   4.2408246910368987     
   3.1051473527422520     
   3.7663152031467773     
   11.123218536528027     
  -3.2022138731820093     
   3.0978786778683918     
   6.3815306737740105     
   5.2824326511877793     
   4.9261289734375122     
  -6.6658243703362654     
 -0.94434518468435424     
 -0.27963534996279910     
   9.8496750244845526     
   5.0706301935060107     
  -6.9510139267642597     
   2.4480721814999340     
  -11.435723862323620     
   7.1193194234950168     
   2.0607178072895604     
  -5.3095028516561040     
  -7.7874963214331450     
  -11.888240025424551     
   18.653820038866375     
  -13.941219811350221     
   2.0843977194206773     
  -10.107907080705452     
  -5.1606193710464483     
   8.4209479820657549     
   4.8481634173407739     
  -1.2182679744027760     
  -4.5926630417353556     
  -10.273171757134934     
   4.0470117453788585     
   21.536852645513662     
   1.9621485178297695     
  -8.8564695424823530     
   11.078926365495565     
  -13.900400037529460     
  -10.669860470861632     
 -0.43550179621219409     
  0.26639834626242487     
  -3.7061662266502786     
   6.2145590296116646     
   4.7318532083394720     
   18.597350266110912     
   1.6906417672653178     
  -1.4672499934289780     
  -4.1684673844101860     
   7.8460830175825871     
  -2.5821289685827242     
  -1.6353155382893654     
  -3.9967566926321565     
  -2.3849955962943645     
  0.40739233805252811     
   1.3890387250349554     
  0.90505317374857597     
   3.9517574982452928     
  -12.807062196675368     
  -5.8883148080012528     
  -8.0551816686969371     
   4.7908143434582193     
  -4.0525565211866752     
   7.5499281563119212     
  -15.848150680263769     
   16.283375482506276     
   12.142577958211508     
   5.5408730040214742     
  -2.5835055320620692     
   3.5626793305258748     
   9.7312303304402477     
   9.5537292324950442     
   10.624255496003370     
   13.396357462327336     
   15.827734407058472     
  -10.127883837145077     
   4.1579567675370432     
   16.478090402971578     
  -10.023050291756622     
  -18.370657105644916     
   5.9905216282867846     
  -2.5537167865650310     
  -3.0329777054620335     
  -4.0817665036129602     
   4.2174070398470205     
  -14.224298433824819     
   5.4322861387467247     
   10.190758222219566     
  -11.303824875020476     
  -8.2673998602874352     
   8.7737000747471683     
  -8.0591811802340949     
  -9.4033771461286193     
   13.704935015601860     
   10.494034780741519     
  0.58542250085553227     
  -12.314604308115987     
  -9.9573855077714128     
  -2.4932028243044027     
   9.0177675892159961     
  -3.7205792415890206     
  -4.1227653235628905     
  -7.9977992504415552     
   5.0720863163957484     
   2.3952542471058562     
   1.6243165650902363     
  -4.2512688191462766     
  -1.4867208662559972     
   12.887076602575991     
  -10.485146337620920     
  -3.9096488725962510     
   15.592368249090185     
   8.6240519260602166     
   16.496679042575952     
   7.4679949491967790     
  -9.4351517639431606     
  -8.2017087273205167     
   6.4121257841562755     
  -6.0730517893757314     
   8.2636568149869287     
  -20.944374491221030     
  -12.556253395684974     
 -0.67620314294173001     
  -11.719657826689598     
   13.890993681225586     
   15.571744703849831     
   6.8329576269718668     
   6.9914592970099356     
   10.914577420455451     
  -4.1760828510118762     
  -24.166825924757472     
  -2.7413934298757443     
   2.3498771215445009     
  -5.2968086837420154     
   11.730833686055643     
  -10.923453545833839     
  -2.2153229363304350     
   10.799372770991617     
  -3.3665609356640891     
   3.1285888345620863     
   5.5483795444866688     
  -4.8527864148275350     
  -10.208476992050905     
   14.631557493225079     
  -4.3083459354225635     
   10.191071178259838     
   4.1346080958538431     
  0.77089757498126654     
   4.6145574681886590     
  -13.219392642814045     
   2.6844857259253003     
   23.018191208374073     
 -0.18818752034223959     
  -8.9415536259426720E-002
   1.1849054179643401     
  -23.734984175661012     
  -2.0353671582525110     
  0.37452204746526452     
  -2.4892695164155496     
   14.096267720731442     
  -7.7469661357841622     
   3.8099349503320390     
  -5.1673105399489891     
  -12.554783580272192     
   6.3992891277042929     
   8.1608140538484513     
  -4.6490775221799101     
  -3.2216296475992157     
   11.619031594286696     
   3.7823240407639438     
   8.8816880495321175     
   6.5784663771618517     
  0.49465947194771431     
  -19.041147702689170     
  -1.4386712573015494     
  -11.266718463838822     
   5.5523284956367869     
  -2.6299228983554350     
  -15.052642442051624     
  0.94031278812430819     
   12.730026979943290     
  -8.2147633246196907     
  0.40848317991911870     
  -7.4043163344859719     
  -9.8670273986252717     
  0.70630176942571332     
   7.8921833547310499E-002
   2.7942551139173428     
   7.1503756467266131     
  -2.5595594398307107     
 -0.65641858678407616     
   17.004791777458017     
  0.65358063320210158     
  -3.1267007891895142     
  -4.3579851095174096     
   11.211399807518820     
   10.371949501805151     
   3.7955818841493558     
  -7.1858517805336444     
   3.3675868601219210     
   11.047825485629307     
   12.450579769305810     
   12.116193591264459     
   1.5140997833054675     
  -2.8077794144299029     
  -6.4982414160998605     
  -4.1624734532863084     
   6.6168800063290973     
  -4.8261795334235753     
  -2.2387917974605016     
  -4.2806204241999257     
   5.1750285715314179     
  -3.4999507758610999     
 -0.79825478909120828     
   15.437012795315677     
  -6.5581173960548043     
  -4.8125976429325661     
