  -4.3074309685303049     
   7.0877191947143201     
  -10.117298019979305     
   5.7761700347873095     
   6.6543842956447099     
   13.781513293947894     
   1.5301096850643405     
  -3.4209734145848469     
  0.88561123340507442     
  -17.723508039213790     
  -3.0231810832906150     
  -3.9022372384080510     
  -1.8600265809375243     
  -4.9041784418981704     
   11.554092450370296     
  -3.6971161786241282     
  -2.0987816866371420     
  -18.050062230452056     
  -11.506925855158862     
   11.390632184068950     
  -2.0340736364325678     
  -2.0872014532112764     
  -4.1848901137543031     
  -4.2099631766799543     
   3.7930394247556909     
  -6.0952630711956557     
   4.7902351692201561     
  -7.5556650779525913     
  -1.1549021830968769     
   5.1833881361142247     
  -9.8009949034619925     
  -4.3093492057219551     
   16.262133063375021     
 -0.84240671683686652     
  -1.0591341062704949     
  -8.4686194272743407     
  -2.1631321226527311     
   25.293032706765707     
  -5.5979469019366705     
   16.660724637459786     
   13.147804793975931     
  -1.9616296642142628     
  -7.8804006274533611     
   6.6641825645237676     
   2.9822651334084176     
   4.9122920236055840     
 -0.86698220072709820     
  -7.0422659190847767     
  0.83993235532695421     
  -7.7176571157676044     
  -3.4007003680303991     
   4.6669831357487528     
  -13.480811046716827     
  0.75759370014486416     
  -4.2772931698440884     
  -3.0989837143134342     
  -13.179015984700616     
   7.0953167969244557     
   9.2841903829064698     
  -1.0410220712696936     
   4.1187958211196953     
   9.0443235720604971     
  -7.8076033724845360     
   7.1701915547834076     
  -5.9878403277348404     
  -8.6700850901468325     
   9.4263427333815347E-002
  -5.7168854330302423     
  -20.030283328125432     
  -1.7416315486678571     
  -3.1862878554653227     
   13.544570828412366     
   5.5767139421407732     
   13.820902123058676     
   5.6213745583587209E-002
   1.4056327855131696     
  -18.050337346899163     
  -3.5918326820662192     
   12.558103683035453     
 -0.48122765307628301     
   8.2262069853941355     
  -15.261077927247666     
  0.12103552275800789     
   4.7388499964816200     
   2.3509970788992600     
   4.2600131341031506     
  -12.827309130593168     
  -7.1032235872943454     
 -0.28265084080098679     
  -2.4115870871030367     
  -9.5240206341825537     
   9.1138554765910520     
  -15.827794615254193     
   1.6022192639118125     
   4.5177155795459178     
  -17.439715503979869     
  -5.9664235768942673     
  -8.2541263894439947     
   5.9130481071244541     
   6.5267605279470287     
   8.6650370507735683     
  -2.2721050818138711     
  -8.0542296825350004     
   6.2676553963852335     
   9.0168437178620877     
  -15.017869782421409     
  0.35279613902931301     
  -5.1846434081135806     
   8.1821967859745097     
   15.782079519975902     
  -6.3261775967639871     
   6.1884718123190927     
   8.6155464670594579     
   8.6187650701045495     
  -7.3911358643711251     
   9.8411738621582643     
   17.165925012414920     
   6.2115138287423566     
  -1.1870319355245931     
   6.8976810870582250     
 -0.89906298451241051     
  -3.8492192576574258     
   11.301019969780759     
  -9.7765031351051679     
  -4.3037300728863794     
  -8.8880287961323781     
  -8.9513416766420342     
   9.2563520685649827     
   9.8713898962649052E-002
  -14.039573663492591     
  -12.147781090923045     
  0.42802536610831865     
   2.6944945980583914     
  -3.0080650269300260     
   25.529677972766965     
   9.7621945550592066     
  -10.497033017482511     
  -7.0546406367800714     
  -18.728334889101085     
   3.7703141279479104     
   2.2153942555601462     
   2.1252902225142418     
   23.241631843288527     
   6.8415030389468310     
 -0.84778246298291005     
   12.334075906202127     
   11.789589502278844     
   2.1726406603863335     
   1.5886422086954932     
  0.97383604895422105     
  -6.3845616156451888     
   2.1408233856339161     
  -11.701927013694119     
   11.497469152405639     
   10.910744904807215     
  -2.6839978825979696     
   6.6554045723213797E-003
  -2.5172488430841988     
  -1.5619144501744266     
   17.567432869067673     
   3.7056915075518204     
   11.228933015288465     
  -4.4160259878418753     
  -3.1454593387209435     
  -9.3191667592803586     
  -4.0872756418667340     
  -5.5274016728206732     
   5.9099913424478974     
  -13.380841366629813     
   3.5583004103591604     
  -13.456709265208158     
  -9.0822003043988211     
  -8.4733291001396260     
   2.8847620851548261     
   4.9625413759201598     
   13.614394821411516     
  -13.265467481045249     
   2.2717625376778372     
   11.412872979926151     
  -18.272249542495761     
   4.0919783533134977     
  -3.0368570888426243     
  -5.6511908385469800     
   6.0958022225418143     
   7.5049479204123593     
   1.4162295046644622     
  -6.8045118441576014     
  -4.3131462743486040     
   8.2328370665605153     
  -9.7460355377247812     
   4.4994395865235290     
  -10.226670641665580     
  -6.3741187824514931     
  -1.4656506539201350     
   16.803228945036125     
 -0.46770415718820391     
  -13.323661206085660     
  -27.684000881146851     
  -16.372982645529621     
   17.203455560449559     
 -0.73975706770092253     
  -1.1998683764804048     
   4.5332624176077569     
  -3.2230046244723582     
  -19.533839772980016     
  0.92028840204529883     
   8.1129842656163138     
  -1.9128768011431032     
  0.77769045856974373     
  -8.7122612576075067     
   3.4021228711070561     
  -8.4477180575897464     
  0.87076436561190340     
   18.049223943974859     
   5.8306867316081554     
  -12.620443835515491     
  -8.3348003043226893     
  -11.208761297061582     
   2.0066404644700357     
   2.3769901903353445     
  -10.821433379993730     
   1.0851968399614849     
  -3.5798569423471376     
  -10.676179604233347     
   11.818659999369393     
   2.2070187742482497     
   14.378296972250100     
   3.9328609113301289     
   15.935834097579933     
  -1.2045517902602569     
   3.1564253437191128     
  0.27000283755901999     
   24.613349373232939     
   12.936287815907002     
   3.3309530984073210     
  -2.3208716661158242     
  -8.7714339352076856     
   13.052017861402694     
   13.331146889418882     
   24.032420009551277     
   13.306077281473648     
  0.40318908099378342     
 -0.15919507351205298     
   6.0893037432292001     
  -13.393110145392637     
   16.836915526827372     
   4.2084221878283845     
  -1.0663209134960945     
   6.4141838534128324     
   2.4092393489477080     
  -1.8138873145296217     
   16.537826786757517     
   1.6833565997926523     
  -7.8749848052981575     
  -4.9794727370939711     
 -0.42629085988189008     
   4.8030645734541588     
  -1.5983913609482345     
 -0.60258729089274921     
   19.012074226679122     
  -13.623611597156074     
  0.92631229470594634     
  -11.840761209403951     
   6.7432705239582855     
  -16.956746996083869     
  -11.493869508286515     
   10.923074203658548     
  -6.2434632914959431     
  -2.0499776327496395     
   12.139509693030611     
   3.6430146110010657     
  -4.5282248806826582     
  -14.869559101340108     
  -8.7968819522125283     
  -2.9133001202210198     
   13.869502209385411     
  0.85586438635926154     
   9.1911799881567102     
  -9.1954466803358024     
   12.149883606001312     
  -18.294654623524284     
  -8.4236847632745615     
   5.4151098047093029     
   13.849711183934485     
  -10.601286588828062     
   8.6040476642094674     
  -9.4387763615518931     
  -10.093304042315708     
   2.3211935124906562     
   21.280714873457576     
   6.0799025665677942     
  -3.2844174245024318     
   10.851468478731459     
  -12.434929563404088     
  -3.1018654953622109     
   10.821850527686228     
  -3.1164310992266593     
  -1.4717607929750232     
   3.5772307307299647     
   7.4536413569636331     
  -7.2272285846190645     
   7.6114476953689429     
  0.35393349207218594     
   21.868421063850395     
   1.3432156042596002     
   8.7140062597845809     
  -4.0068369599752023     
   1.6385968777564388     
   9.3158820606773194     
   6.2348691728911891     
 -0.94668022901871418     
 -0.26935552235765325     
  0.82821959022312197     
   1.8662936547193838     
  -14.940499147976421     
 -0.21741540898608752     
  -1.6369081737839142     
   6.6215587668244842     
  -5.3132578280884832     
   6.5356432563163134     
  -9.0080344672939408     
   10.241205919661432     
  -14.124869166389017     
  -7.7210040155271260     
  -7.3125880954413649     
   1.4781932881926121     
   6.0195605933297252     
   7.0880716938046682     
  -1.8083239543087557     
   8.8425903212051864     
   8.0174537080385679     
  -11.350082775187399     
   8.1436522085992884     
   5.2377153302367336     
   8.6009887958932527     
  -4.5698593050249423     
   16.438414438949888     
  -8.3461836584777132     
   9.8462980278431669     
  -1.9592141078724594     
   12.153208230226131     
   4.8533521054572688     
  -4.3308165342185978     
   10.147847720507597     
   27.866064931706696     
  -4.9821085880135714     
   1.7657639442031381     
  -18.380912127877846     
 -0.88103704955676454     
  -7.6861916197034663     
  -12.581645364549757     
  -11.519037723661050     
 -0.73203061728865049     
   3.3465547175143207     
  -10.013880718669297     
   6.7253634281376424     
   11.581776137191227     
 -0.81312439841427131     
  -5.5688477605437869     
  0.17706609237757229     
  0.71707811299673163     
   2.4961280327394739     
  -2.7239653270145308     
  0.50981201796736053     
   4.6743026198318232     
   5.2892216714246478     
   3.0225107874115635     
   8.3281502680349835     
   7.1186985610111781     
   3.3703453667875993     
  -8.3712549135112049     
   5.5480709926254166     
   3.8235768158596866     
  -14.077301534209717     
  -10.099608089443800     
