   2.1525025234782169E-012   37.137834555938255     
   4.3050050469564338E-012   76.520394741379420     
   6.4575075704346507E-012   103.88813531357083     
   8.6100100939128676E-012   161.28368149225426     
   1.0762512617391084E-011   208.84299351658899     
   1.2915015140869301E-011   273.46451727482889     
   1.5067517664347518E-011   349.32810680073192     
   1.7220020187825735E-011   410.89359843611737     
   1.9372522711303952E-011   490.07035776375494     
   2.1525025234782169E-011   539.77227691430926     
   2.3677527758260386E-011   544.48964693654852     
   2.5830030281738603E-011   548.92973575560347     
   2.7982532805216820E-011   552.23992924896459     
   3.0135035328695037E-011   556.26406898262360     
   3.2287537852173253E-011   554.48703943287649     
   3.4440040375651470E-011   554.57369566788850     
   3.6592542899129687E-011   555.08677288956130     
   3.8745045422607904E-011   552.08975961366684     
   4.0897547946086121E-011   552.99210173600898     
   4.3050050469564338E-011   553.50501897140987     
   4.5202552993042555E-011   551.01853720621909     
   4.7355055516520772E-011   551.84728164108481     
   4.9507558039998989E-011   554.71085946570020     
   5.1660060563477205E-011   555.49194131357967     
   5.3812563086955422E-011   555.17913370718736     
   5.5965065610433639E-011   558.26586326550432     
   5.8117568133911856E-011   560.69428207871056     
   6.0270070657390073E-011   559.96707936072664     
   6.2422573180868283E-011   563.60183718769213     
   6.4575075704346507E-011   562.06730151560669     
   6.6727578227824717E-011   562.12152620607628     
   6.8880080751302941E-011   562.99076749614449     
   7.1032583274781151E-011   563.49917043438643     
   7.3185085798259374E-011   565.69620900288578     
   7.5337588321737585E-011   565.93727383839610     
   7.7490090845215808E-011   565.91486046593127     
   7.9642593368694019E-011   567.98860087830838     
   8.1795095892172242E-011   564.38452343761776     
   8.3947598415650452E-011   567.82095996885755     
   8.6100100939128676E-011   567.51294502701842     
   8.8252603462606886E-011   567.45765826191609     
   9.0405105986085110E-011   564.17803674419974     
   9.2557608509563320E-011   563.40042744692300     
   9.4710111033041543E-011   565.93058139679636     
   9.6862613556519754E-011   566.56909693139198     
   9.9015116079997977E-011   570.87756642733257     
   1.0116761860347619E-010   570.13447117889268     
   1.0332012112695441E-010   571.60404588687391     
   1.0547262365043262E-010   572.91453495724329     
   1.0762512617391084E-010   570.40766509764990     
   1.0977762869738906E-010   570.91278682976679     
   1.1193013122086728E-010   568.09093558823190     
   1.1408263374434549E-010   569.60899357111691     
   1.1623513626782371E-010   569.55509716549363     
   1.1838763879130192E-010   570.14522339433586     
   1.2054014131478015E-010   572.16646513624744     
   1.2269264383825837E-010   571.51039531666572     
   1.2484514636173657E-010   573.03995550484615     
   1.2699764888521479E-010   573.07875573638148     
   1.2915015140869301E-010   574.92109207003966     
   1.3130265393217124E-010   573.26526103959998     
   1.3345515645564943E-010   573.39428592151376     
   1.3560765897912766E-010   576.60912314183997     
   1.3776016150260588E-010   578.21721633038248     
   1.3991266402608410E-010   576.43626967445402     
   1.4206516654956230E-010   577.82969734120832     
   1.4421766907304053E-010   579.72945977994550     
   1.4637017159651875E-010   580.99091390131412     
   1.4852267411999697E-010   580.87115279717273     
   1.5067517664347517E-010   581.90869537870378     
   1.5282767916695339E-010   584.33374426845023     
   1.5498018169043162E-010   586.81494965453726     
   1.5713268421390984E-010   585.23743319604523     
   1.5928518673738804E-010   585.81845422777621     
   1.6143768926086626E-010   582.98658032985963     
   1.6359019178434448E-010   586.46832502824759     
   1.6574269430782271E-010   583.42389904566892     
   1.6789519683130090E-010   584.33525009025345     
   1.7004769935477913E-010   586.77319594966082     
   1.7220020187825735E-010   585.12144262004585     
   1.7435270440173557E-010   585.97386692868406     
   1.7650520692521377E-010   585.02751929452802     
   1.7865770944869200E-010   590.04913741460632     
   1.8081021197217022E-010   589.91421644867251     
   1.8296271449564844E-010   591.88747284805549     
   1.8511521701912664E-010   590.69036009314300     
   1.8726771954260486E-010   589.52752703020337     
   1.8942022206608309E-010   590.93986813308572     
   1.9157272458956128E-010   594.61395317015968     
   1.9372522711303951E-010   593.67558691083968     
   1.9587772963651773E-010   592.26025231734991     
   1.9803023215999595E-010   596.18910677787699     
   2.0018273468347415E-010   596.76895817149659     
   2.0233523720695238E-010   598.54350660250532     
   2.0448773973043060E-010   593.92340832354444     
   2.0664024225390882E-010   596.60141338431856     
   2.0879274477738702E-010   597.78640811309958     
   2.1094524730086524E-010   598.36859545998880     
   2.1309774982434347E-010   599.92463495804452     
   2.1525025234782169E-010   600.82570772357758     
   2.1740275487129989E-010   598.77166085946885     
   2.1955525739477811E-010   595.22254159184456     
   2.2170775991825633E-010   593.28516267769214     
   2.2386026244173456E-010   593.84638981862770     
   2.2601276496521275E-010   595.67207257036387     
   2.2816526748869098E-010   598.17904864329569     
   2.3031777001216920E-010   601.60687656956065     
   2.3247027253564742E-010   603.58953666956882     
   2.3462277505912565E-010   604.62467566948760     
   2.3677527758260385E-010   600.55121826751906     
   2.3892778010608204E-010   596.34597443621840     
   2.4108028262956029E-010   592.23525972518303     
   2.4323278515303849E-010   594.25221429228839     
   2.4538528767651674E-010   595.24511301356154     
   2.4753779019999494E-010   594.98491629104944     
   2.4969029272347313E-010   597.63498800477157     
   2.5184279524695138E-010   597.47968776582093     
   2.5399529777042958E-010   595.51026963444860     
   2.5614780029390778E-010   597.97196380691298     
   2.5830030281738603E-010   599.24475104657881     
   2.6045280534086422E-010   602.16897521247313     
   2.6260530786434247E-010   600.27969873193138     
   2.6475781038782067E-010   597.98598517650635     
   2.6691031291129887E-010   598.40935664952485     
   2.6906281543477712E-010   598.54078506811379     
   2.7121531795825532E-010   594.55048675748913     
   2.7336782048173351E-010   593.43501519456697     
   2.7552032300521176E-010   589.13848078373996     
   2.7767282552868996E-010   591.73551052217272     
   2.7982532805216821E-010   592.20645672587261     
   2.8197783057564641E-010   595.45012632488363     
   2.8413033309912460E-010   598.57215439243021     
   2.8628283562260285E-010   593.81073830234516     
   2.8843533814608105E-010   594.76106375164090     
   2.9058784066955925E-010   595.02207366877269     
   2.9274034319303750E-010   594.57482874060941     
   2.9489284571651570E-010   589.48695313812618     
   2.9704534823999394E-010   591.59087385630812     
   2.9919785076347214E-010   591.77408799265334     
   3.0135035328695034E-010   591.13101787226856     
   3.0350285581042859E-010   590.69027196108368     
   3.0565535833390679E-010   592.97255950114936     
   3.0780786085738498E-010   591.18731526623640     
   3.0996036338086323E-010   588.46942690722858     
   3.1211286590434143E-010   590.95759232467231     
   3.1426536842781968E-010   590.25850637048495     
   3.1641787095129788E-010   590.36331570450034     
   3.1857037347477607E-010   592.12596994007674     
   3.2072287599825432E-010   593.31174492993875     
   3.2287537852173252E-010   594.79237276518211     
   3.2502788104521072E-010   597.24301041132367     
   3.2718038356868897E-010   600.11902744390864     
   3.2933288609216717E-010   599.91627710743410     
   3.3148538861564541E-010   597.21867913105064     
   3.3363789113912361E-010   594.60120944462778     
   3.3579039366260181E-010   593.53625152509858     
   3.3794289618608006E-010   595.50192572292394     
   3.4009539870955826E-010   592.42834861185270     
   3.4224790123303645E-010   594.35638959924211     
   3.4440040375651470E-010   594.46231519485684     
   3.4655290627999290E-010   596.11998860804147     
   3.4870540880347115E-010   601.55369454594631     
   3.5085791132694935E-010   598.88337705268543     
   3.5301041385042754E-010   596.23635077090148     
   3.5516291637390579E-010   600.15920448421343     
   3.5731541889738399E-010   602.59960620945685     
   3.5946792142086219E-010   604.73606167895286     
   3.6162042394434044E-010   608.83323764091585     
   3.6377292646781864E-010   607.53952948638096     
   3.6592542899129689E-010   607.00119892090970     
   3.6807793151477508E-010   608.21188461859936     
   3.7023043403825328E-010   609.24265163045220     
   3.7238293656173153E-010   609.20648534103384     
   3.7453543908520973E-010   610.05196964215509     
   3.7668794160868792E-010   611.69517947053600     
   3.7884044413216617E-010   613.24258149705793     
   3.8099294665564437E-010   614.55865047200336     
   3.8314544917912257E-010   611.25934646286646     
   3.8529795170260082E-010   612.97591382082021     
   3.8745045422607902E-010   612.55095702508845     
   3.8960295674955726E-010   610.44385231711919     
   3.9175545927303546E-010   610.40218566506655     
   3.9390796179651366E-010   614.16094715506688     
   3.9606046431999191E-010   611.85739450336632     
   3.9821296684347011E-010   613.10685216505181     
   4.0036546936694830E-010   611.37823211173441     
   4.0251797189042655E-010   607.04255911303039     
   4.0467047441390475E-010   610.84816542080171     
   4.0682297693738300E-010   605.37129355331831     
   4.0897547946086120E-010   610.05220547300360     
   4.1112798198433939E-010   607.04137268973659     
   4.1328048450781764E-010   611.68815619201871     
   4.1543298703129584E-010   609.89785482913260     
   4.1758548955477404E-010   613.68414232763371     
   4.1973799207825229E-010   613.79779185944449     
   4.2189049460173049E-010   608.58701575055034     
   4.2404299712520873E-010   608.26207402894624     
   4.2619549964868693E-010   611.29009897172466     
   4.2834800217216513E-010   608.72020011763595     
   4.3050050469564338E-010   612.08381952279342     
   4.3265300721912158E-010   613.77159607175577     
   4.3480550974259977E-010   613.92771634620294     
   4.3695801226607802E-010   613.87624170395293     
   4.3911051478955622E-010   610.88461705925340     
   4.4126301731303447E-010   609.22776819328885     
   4.4341551983651267E-010   608.85261532828770     
   4.4556802235999086E-010   610.50474054210815     
   4.4772052488346911E-010   613.13400297970327     
   4.4987302740694731E-010   614.92921690633648     
   4.5202552993042551E-010   617.94844255250371     
   4.5417803245390376E-010   617.36625997138685     
   4.5633053497738196E-010   616.93628692990649     
   4.5848303750086021E-010   617.09129206759974     
   4.6063554002433840E-010   622.69258401996967     
   4.6278804254781660E-010   626.89470342502273     
   4.6494054507129485E-010   628.30701842236465     
   4.6709304759477305E-010   632.44678007301411     
   4.6924555011825130E-010   633.12483491648504     
   4.7139805264172944E-010   632.91314261249022     
   4.7355055516520769E-010   634.54318257659645     
   4.7570305768868594E-010   634.47101162422268     
   4.7785556021216409E-010   631.84639713596130     
   4.8000806273564234E-010   633.27629810453618     
   4.8216056525912058E-010   636.02800603811238     
   4.8431306778259883E-010   635.46733286032224     
   4.8646557030607698E-010   633.30058892315299     
   4.8861807282955523E-010   632.92607483967629     
   4.9077057535303348E-010   633.85732083629284     
   4.9292307787651162E-010   633.91346420822356     
   4.9507558039998987E-010   633.61803605267880     
   4.9722808292346812E-010   635.59553779404450     
   4.9938058544694627E-010   640.76579585098068     
   5.0153308797042452E-010   641.43062086716100     
   5.0368559049390277E-010   648.29725497508196     
   5.0583809301738091E-010   649.73360413329806     
   5.0799059554085916E-010   646.28273587199726     
   5.1014309806433741E-010   645.84739050697954     
   5.1229560058781556E-010   648.84148796653642     
   5.1444810311129381E-010   648.03260858489443     
   5.1660060563477205E-010   646.74059506659887     
   5.1875310815825030E-010   644.99891677384721     
   5.2090561068172845E-010   641.51736748194742     
   5.2305811320520670E-010   643.94341713965741     
   5.2521061572868495E-010   643.33739921436165     
   5.2736311825216309E-010   640.86026107812461     
   5.2951562077564134E-010   642.46326083667088     
   5.3166812329911959E-010   638.43429252541887     
   5.3382062582259774E-010   635.69540121524039     
   5.3597312834607599E-010   636.64666485660257     
   5.3812563086955424E-010   633.98364076242660     
   5.4027813339303238E-010   634.03181980159627     
   5.4243063591651063E-010   633.74724841406589     
   5.4458313843998888E-010   633.07937029546974     
   5.4673564096346703E-010   635.65823117244327     
   5.4888814348694528E-010   635.52888183507775     
   5.5104064601042353E-010   636.85159815508007     
   5.5319314853390167E-010   638.54867278024813     
   5.5534565105737992E-010   640.10259007034631     
   5.5749815358085817E-010   639.40218120635257     
   5.5965065610433642E-010   640.10283506969893     
   5.6180315862781456E-010   641.72992493181232     
   5.6395566115129281E-010   641.99248515505792     
   5.6610816367477106E-010   641.00934125362085     
   5.6826066619824921E-010   640.22054709133226     
   5.7041316872172746E-010   640.99858905875396     
   5.7256567124520571E-010   640.87024803874795     
   5.7471817376868385E-010   639.55807495091915     
   5.7687067629216210E-010   642.05696668761129     
   5.7902317881564035E-010   643.71518301448236     
   5.8117568133911850E-010   644.89452451065938     
   5.8332818386259675E-010   647.10666691013068     
   5.8548068638607500E-010   648.28197889081878     
   5.8763318890955314E-010   647.04541912899901     
   5.8978569143303139E-010   647.07933493934183     
   5.9193819395650964E-010   644.79201423210873     
   5.9409069647998789E-010   643.04384523915576     
   5.9624319900346603E-010   643.20409075294083     
   5.9839570152694428E-010   643.64044740955217     
   6.0054820405042253E-010   641.93643770246877     
   6.0270070657390068E-010   640.66632527557113     
   6.0485320909737893E-010   642.88743822250683     
   6.0700571162085718E-010   644.91987114847825     
   6.0915821414433532E-010   646.99835263402292     
   6.1131071666781357E-010   649.77383933773012     
   6.1346321919129182E-010   651.83418093021430     
   6.1561572171476997E-010   654.85362248606998     
   6.1776822423824822E-010   653.74157563804840     
   6.1992072676172647E-010   650.55425247932919     
   6.2207322928520461E-010   648.88566462839617     
   6.2422573180868286E-010   651.77964757263010     
   6.2637823433216111E-010   652.35704548764966     
   6.2853073685563936E-010   653.91820731472137     
   6.3068323937911750E-010   651.20101113866042     
   6.3283574190259575E-010   648.87729908133849     
   6.3498824442607400E-010   652.76083499477534     
   6.3714074694955215E-010   654.55512400682642     
   6.3929324947303040E-010   654.92128412850946     
   6.4144575199650865E-010   658.21965960523141     
   6.4359825451998679E-010   655.93408981287337     
   6.4575075704346504E-010   654.24114987364328     
   6.4790325956694329E-010   656.52924759607151     
   6.5005576209042144E-010   659.47209566286961     
   6.5220826461389969E-010   661.39233320873507     
   6.5436076713737794E-010   663.75390569310548     
   6.5651326966085608E-010   661.53728308654331     
   6.5866577218433433E-010   660.52063715075178     
   6.6081827470781258E-010   655.74521755486353     
   6.6297077723129083E-010   656.03318281234817     
   6.6512327975476898E-010   656.98586818605236     
   6.6727578227824722E-010   655.97810292645352     
   6.6942828480172547E-010   655.20968949039388     
   6.7158078732520362E-010   653.76790048145210     
   6.7373328984868187E-010   655.23108528308308     
   6.7588579237216012E-010   657.18691228332057     
   6.7803829489563826E-010   655.89491013668010     
   6.8019079741911651E-010   655.06599674749884     
   6.8234329994259476E-010   653.66649201943494     
   6.8449580246607291E-010   653.17774190639648     
   6.8664830498955116E-010   654.20167132294648     
   6.8880080751302941E-010   653.89471032315328     
   6.9095331003650755E-010   653.84790684964491     
   6.9310581255998580E-010   656.42085563971159     
   6.9525831508346405E-010   656.83942867981875     
   6.9741081760694230E-010   656.43110928012811     
   6.9956332013042045E-010   653.66243839651042     
   7.0171582265389869E-010   652.85093997898673     
   7.0386832517737694E-010   654.46688686372192     
   7.0602082770085509E-010   655.04015623394855     
   7.0817333022433334E-010   654.82467054386655     
   7.1032583274781159E-010   653.29302360100803     
   7.1247833527128973E-010   655.34574011641212     
   7.1463083779476798E-010   656.40959285985264     
   7.1678334031824623E-010   655.69847422656619     
   7.1893584284172438E-010   656.99478391220396     
   7.2108834536520263E-010   659.24774728068144     
   7.2324084788868088E-010   661.63385796430941     
   7.2539335041215902E-010   663.30501212611387     
   7.2754585293563727E-010   662.44285749214021     
   7.2969835545911552E-010   665.41650462532687     
   7.3185085798259377E-010   667.05086776309952     
   7.3400336050607192E-010   669.56826341246449     
   7.3615586302955017E-010   670.61311283157681     
   7.3830836555302841E-010   673.72390961671158     
   7.4046086807650656E-010   673.39251551170435     
   7.4261337059998481E-010   675.19344534993945     
   7.4476587312346306E-010   674.45955542999866     
   7.4691837564694120E-010   676.06476669508754     
   7.4907087817041945E-010   675.41354173477202     
   7.5122338069389770E-010   677.24448186888696     
   7.5337588321737585E-010   675.50594943792601     
   7.5552838574085410E-010   678.67919726231742     
   7.5768088826433235E-010   675.24926796134685     
   7.5983339078781049E-010   672.14584159825313     
   7.6198589331128874E-010   676.73496654553094     
   7.6413839583476699E-010   675.92106811068368     
   7.6629089835824514E-010   677.50037058623866     
   7.6844340088172339E-010   678.18735048251244     
   7.7059590340520164E-010   674.84464677105007     
   7.7274840592867988E-010   672.60796464250200     
   7.7490090845215803E-010   677.53629243053740     
   7.7705341097563628E-010   678.12764229611389     
   7.7920591349911453E-010   678.63085746510501     
   7.8135841602259267E-010   680.33889320325898     
   7.8351091854607092E-010   680.86676982906454     
   7.8566342106954917E-010   685.09247170267076     
   7.8781592359302732E-010   687.34685664470624     
   7.8996842611650557E-010   686.62321945962333     
   7.9212092863998382E-010   685.34872475416194     
   7.9427343116346196E-010   688.76180541779900     
   7.9642593368694021E-010   691.40443126526668     
   7.9857843621041846E-010   694.55469778512588     
   8.0073093873389661E-010   694.09639157268009     
   8.0288344125737486E-010   691.37158958415216     
   8.0503594378085311E-010   694.36170294965291     
   8.0718844630433135E-010   696.90819866711126     
   8.0934094882780950E-010   698.10009904796050     
   8.1149345135128775E-010   701.17577115464962     
   8.1364595387476600E-010   696.14930003603502     
   8.1579845639824414E-010   695.56308196615555     
   8.1795095892172239E-010   694.42708496744103     
   8.2010346144520064E-010   694.69085833635143     
   8.2225596396867879E-010   696.66310967209961     
   8.2440846649215704E-010   695.88067059257867     
   8.2656096901563529E-010   700.00966368241586     
   8.2871347153911343E-010   699.18541348597489     
   8.3086597406259168E-010   697.42976226676308     
   8.3301847658606993E-010   695.83770878587336     
   8.3517097910954808E-010   694.84811729026092     
   8.3732348163302633E-010   698.78723344806463     
   8.3947598415650458E-010   699.64476659022409     
   8.4162848667998283E-010   698.50934082587207     
   8.4378098920346097E-010   701.16243427873633     
   8.4593349172693922E-010   699.57277017686545     
   8.4808599425041747E-010   706.30030223450285     
   8.5023849677389562E-010   705.93483075426468     
   8.5239099929737386E-010   706.64313863140001     
   8.5454350182085211E-010   706.17472242229815     
   8.5669600434433026E-010   707.66423063439208     
   8.5884850686780851E-010   706.96978990074615     
   8.6100100939128676E-010   711.74854648914061     
   8.6315351191476490E-010   708.33148558241965     
   8.6530601443824315E-010   707.04509450846058     
   8.6745851696172140E-010   712.68228299355792     
   8.6961101948519955E-010   713.57140332148469     
   8.7176352200867780E-010   711.01485746844435     
   8.7391602453215605E-010   713.24265136715371     
   8.7606852705563430E-010   711.29816485366905     
   8.7822102957911244E-010   712.98002094976698     
   8.8037353210259069E-010   711.19838987736341     
   8.8252603462606894E-010   713.39892674345026     
   8.8467853714954709E-010   711.80828341666540     
   8.8683103967302533E-010   712.65563104572050     
   8.8898354219650358E-010   711.60239334552114     
   8.9113604471998173E-010   715.32045757280810     
   8.9328854724345998E-010   712.83341835984027     
   8.9544104976693823E-010   712.25523916924192     
   8.9759355229041637E-010   713.65199211061713     
   8.9974605481389462E-010   713.65280938714125     
   9.0189855733737287E-010   709.91958267288840     
   9.0405105986085102E-010   711.34842933446760     
   9.0620356238432927E-010   710.06360860389429     
   9.0835606490780752E-010   706.44923655958598     
   9.1050856743128577E-010   706.23340500989787     
   9.1266106995476391E-010   708.23453729688015     
   9.1481357247824216E-010   710.92537859297772     
   9.1696607500172041E-010   711.18674493088406     
   9.1911857752519856E-010   711.29759488086484     
   9.2127108004867681E-010   712.56377693453260     
   9.2342358257215505E-010   712.33186269322641     
   9.2557608509563320E-010   712.82162467476041     
   9.2772858761911145E-010   716.76159046004852     
   9.2988109014258970E-010   716.19413310390939     
   9.3203359266606784E-010   713.63777839500653     
   9.3418609518954609E-010   715.72673968240053     
   9.3633859771302434E-010   716.21319780619899     
   9.3849110023650259E-010   714.98077437046595     
   9.4064360275998084E-010   714.99109607390449     
   9.4279610528345888E-010   716.71661362673240     
   9.4494860780693713E-010   719.72177755839164     
   9.4710111033041538E-010   723.15174612327041     
   9.4925361285389363E-010   718.90125278585060     
   9.5140611537737188E-010   718.52433617157317     
   9.5355861790085013E-010   721.06193740361857     
   9.5571112042432817E-010   726.54963666847982     
   9.5786362294780642E-010   729.04570123391454     
   9.6001612547128467E-010   732.73581187589502     
   9.6216862799476292E-010   733.87820272634417     
   9.6432113051824117E-010   737.87913000825552     
   9.6647363304171942E-010   737.68267918884862     
   9.6862613556519767E-010   740.47397786330669     
   9.7077863808867571E-010   741.72088458473809     
   9.7293114061215396E-010   744.36457436022670     
   9.7508364313563221E-010   745.19772463283346     
   9.7723614565911046E-010   745.65111911144004     
   9.7938864818258871E-010   744.50094464904760     
   9.8154115070606696E-010   747.48154120933111     
   9.8369365322954500E-010   747.79554645088615     
   9.8584615575302325E-010   749.35392182748751     
   9.8799865827650150E-010   754.82504129268284     
   9.9015116079997975E-010   755.73040240787338     
   9.9230366332345799E-010   755.00214639735498     
   9.9445616584693624E-010   753.85375038885775     
   9.9660866837041429E-010   753.58256393494298     
   9.9876117089389254E-010   755.40469523498007     
   1.0009136734173708E-009   758.68807302905088     
   1.0030661759408490E-009   752.96689960427307     
   1.0052186784643273E-009   755.01468085653585     
   1.0073711809878055E-009   758.29758992538234     
   1.0095236835112838E-009   759.42654116641643     
   1.0116761860347618E-009   760.40205798643876     
   1.0138286885582401E-009   759.65483935980944     
   1.0159811910817183E-009   756.78657229478881     
   1.0181336936051966E-009   755.49639809519545     
   1.0202861961286748E-009   757.05403194992459     
   1.0224386986521531E-009   754.89449802180422     
   1.0245912011756311E-009   755.11302747340676     
   1.0267437036991094E-009   757.71116918871530     
   1.0288962062225876E-009   760.06415892063455     
   1.0310487087460659E-009   763.59260039283151     
   1.0332012112695441E-009   764.44093844800113     
   1.0353537137930224E-009   764.83123622042592     
   1.0375062163165006E-009   766.97266232837967     
   1.0396587188399787E-009   765.07845753984338     
   1.0418112213634569E-009   765.73535461286372     
   1.0439637238869351E-009   767.54174978494245     
   1.0461162264104134E-009   768.41957475275285     
   1.0482687289338916E-009   769.88547320032558     
   1.0504212314573699E-009   768.32684439399532     
   1.0525737339808479E-009   771.60240355252290     
   1.0547262365043262E-009   774.28481190377227     
   1.0568787390278044E-009   775.87395126314880     
   1.0590312415512827E-009   780.46885827003075     
   1.0611837440747609E-009   784.22273810660670     
   1.0633362465982392E-009   787.43541692135420     
   1.0654887491217172E-009   783.98846583613022     
   1.0676412516451955E-009   782.72465433381490     
   1.0697937541686737E-009   779.02177333307407     
   1.0719462566921520E-009   782.26194860620944     
   1.0740987592156302E-009   782.47883388195726     
   1.0762512617391085E-009   783.57322564096125     
