   2.1525025234782169E-012   17801.421808523966        41.371450862219334        17842.793259386188        11418.769035833695        201545256.90605536     
   4.3050050469564338E-012   20637.390136285590        279.33634312985430        20916.726479415443        13237.908409978696        235000799.48223153     
   6.4575075704346507E-012   19371.301011469353        183.01180497984248        19554.312816449194        12425.772196896280        220604311.29009515     
   8.6100100939128676E-012   17640.118701464446        242.09764382129609        17882.216345285738        11315.300731779855        201997878.90275884     
   1.0762512617391084E-011   20172.125029412444       -5.8420783173478545        20166.282951095098        12939.462878326111        227635690.86721802     
   1.2915015140869301E-011   19017.975501136199        69.463511796264328        19087.439012932464        12199.130615096870        215643514.60077500     
   1.5067517664347518E-011   18232.852102527897        83.492966346174455        18316.345068874070        11695.511137407502        207875599.00760329     
   1.7220020187825735E-011   15743.912141305744        135.05832687178469        15878.970468177527        10098.974025543557        180028367.47169703     
   1.9372522711303952E-011   18871.089382680228        73.943058310709390        18945.032440990937        12104.910126460638        214282052.20736533     
   2.1525025234782169E-011   18111.763948653246        160.71141330716392        18272.475361960409        11617.838821289017        208587380.40220398     
   2.3677527758260386E-011   218.06552950305559       -39.297434004460492        178.76809549859510        139.87870985001032        2534162.0724572814     
   2.5830030281738603E-011   206.36789165414254       -36.931505115763031        169.43638653837951        132.37522915626008        2442173.3297521514     
   2.7982532805216820E-011   241.85129168576037       -38.284729284563973        203.56656240119639        155.13614982458131        2840979.3598525934     
   3.0135035328695037E-011   247.32811658163607       -36.612437710605228        210.71567887103083        158.64927361932018        2934198.6897531017     
   3.2287537852173253E-011   195.04522842906812       -40.160806828846319        154.88442160022180        125.11227692534648        2299469.8787469477     
   3.4440040375651470E-011   239.70519155245907       -37.512101229955462        202.19309032250362        153.75952822583886        2879640.3828895413     
   3.6592542899129687E-011   273.02728074708187       -40.804792389594233        232.22248835748763        175.13407034935909        3193353.6243095906     
   3.8745045422607904E-011   230.12731118969697       -40.631782938823477        189.49552825087349        147.61577157024081        2703710.0751588126     
   4.0897547946086121E-011   216.69058452612214       -40.706058642112687        175.98452588400946        138.99674776307947        2529650.9877044316     
   4.3050050469564338E-011   238.35748745314925       -40.527824838226522        197.82966261492274        152.89503987180771        2772150.5019329214     
   4.5202552993042555E-011   202.09030084487068       -41.308228915942678        160.78207192892799        129.63135723376612        2360621.6845128238     
   4.7355055516520772E-011   196.23716339792276       -41.119414918048285        155.11774847987448        125.87684675923286        2278748.5138167148     
   4.9507558039998989E-011   229.55646581738594       -44.006223481660371        185.55024233572556        147.24960129846662        2744082.7507291199     
   5.1660060563477205E-011   239.37655200084504       -43.673358263418933        195.70319373742609        153.54872151745985        2816951.7334464863     
   5.3812563086955422E-011   221.71616277434669       -43.615972995576037        178.10018977877064        142.22041820385894        2619253.3104377412     
   5.5965065610433639E-011   215.34489590906023       -44.512576555894796        170.83231935316545        138.13355224545947        2539600.1888942895     
   5.8117568133911856E-011   226.89528941988641       -41.826508000256432        185.06878141962994        145.54258266964513        2667488.3173657167     
   6.0270070657390073E-011   211.21017488290906       -49.199662030770547        162.01051285213850        135.48132452269309        2461161.9884419162     
   6.2422573180868283E-011   227.31193437811837       -48.010734055864852        179.30120032225352        145.80984067853728        2691201.1138544534     
   6.4575075704346507E-011   221.80896647447901       -51.158318832531940        170.65064764194707        142.27994738242006        2595605.5703897187     
   6.6727578227824717E-011   220.57475469658536       -49.912593169513251        170.66216152707210        141.48825897771493        2662816.0691095637     
   6.8880080751302941E-011   238.45286410402088       -51.391819955866595        187.06104414815431        152.95621947641621        2827859.1463110321     
   7.1032583274781151E-011   206.04969944744846       -47.471027727911597        158.57867171953689        132.17112392487334        2453602.6756197768     
   7.3185085798259374E-011   198.32193677853502       -51.468592115535607        146.85334466299940        127.21413015048799        2322719.2397837923     
   7.5337588321737585E-011   215.18409484636220       -46.686978451956421        168.49711639440577        138.03040597908731        2550334.6134114098     
   7.7490090845215808E-011   243.89566939135719       -46.613166668398122        197.28250272295909        156.44752130340558        2922221.0430451995     
   7.9642593368694019E-011   209.17528880536852       -47.785186450012482        161.39010235535605        134.17604147375465        2471319.4452004624     
   8.1795095892172242E-011   225.00161712855328       -51.339020041586551        173.66259708696671        144.32788157684044        2637991.0193817029     
   8.3947598415650452E-011   249.88610166191557       -47.616345933580895        202.26975572833467        160.29009990516400        2935277.5796492225     
   8.6100100939128676E-011   212.83757199881438       -45.104372288439571        167.73319971037481        136.52522270093897        2511116.1182978391     
   8.8252603462606886E-011   219.35123070192060       -45.278430075328117        174.07280062659248        140.70342627979034        2565061.8781259861     
   9.0405105986085110E-011   220.58903147359328       -40.469050028228935        180.11998144536432        141.49741685403421        2603471.8499546750     
   9.2557608509563320E-011   210.31583806704009       -41.247621711359024        169.06821635568107        134.90764981004961        2485837.6971534491     
   9.4710111033041543E-011   239.16475836393883       -45.590434947550875        193.57432341638795        153.41286592968132        2798052.4628875265     
   9.6862613556519754E-011   211.42705312587572       -42.445376887171740        168.98167623870398        135.62044164445848        2508053.2876351806     
   9.9015116079997977E-011   245.81587721089707       -42.680377038045791        203.13550017285127        157.67924368086355        2908041.7219517920     
   1.0116761860347619E-010   233.17616119651782       -40.101266774549082        193.07489442196874        149.57146445967714        2818524.1545338314     
   1.0332012112695441E-010   204.01070295782898       -42.344906337615129        161.66579662021383        130.86320424125051        2437339.1111690933     
   1.0547262365043262E-010   234.63721115191655       -33.610648260987048        201.02656289092948        150.50865881246330        2843741.7071050238     
   1.0762512617391084E-010   245.80170042083139       -38.072241521023329        207.72945889980807        157.67014994143244        2869836.9426874248     
   1.0977762869738906E-010   213.03857059025765       -41.058743717581692        171.97982687267594        136.65415377829365        2488426.0957379648     
   1.1193013122086728E-010   216.83402701338827       -42.737280707330704        174.09674630605755        139.08875932539371        2592044.5775931533     
   1.1408263374434549E-010   217.98642365836986       -42.367311845233807        175.61911181313604        139.82796719700389        2560489.7792234626     
   1.1623513626782371E-010   195.46996154503270       -40.367981752655666        155.10197979237705        125.38472310437851        2351730.1543425187     
   1.1838763879130192E-010   221.46455636351337       -44.288801607297437        177.17575475621592        142.05902460709211        2641178.6994891781     
   1.2054014131478015E-010   232.69394995984285       -48.084719076845801        184.60923088299708        149.26214878830541        2762040.7160919020     
   1.2269264383825837E-010   228.92869678788861       -47.423596775420094        181.50510001246852        146.84691719644465        2686621.2750010090     
   1.2484514636173657E-010   203.13771150503936       -42.496627885640883        160.64108361939850        130.30322156813122        2396014.3358961991     
   1.2699764888521479E-010   230.39793612408062       -44.902622071506826        185.49531405257380        147.78936464917030        2691610.1799465488     
   1.2915015140869301E-010   244.81190792515005       -48.437666560699192        196.37424136445085        157.03524493085769        2874549.2503767745     
   1.3130265393217124E-010   237.53487370411440       -41.873802643918069        195.66107106019635        152.36737210981849        2888034.2166726748     
   1.3345515645564943E-010   220.71742399810952       -46.795426414924535        173.92199758318500        141.57977457799291        2634413.3976952364     
   1.3560765897912766E-010   233.25443297994471       -47.226921819964943        186.02751115997975        149.62167210188616        2738108.7202256238     
   1.3776016150260588E-010   221.05556756755507       -50.335509513631671        170.72005805392340        141.79667766371171        2582603.1010271101     
   1.3991266402608410E-010   216.08391351590643       -49.158886806465333        166.92502670944108        138.60759704124936        2523061.3266351041     
   1.4206516654956230E-010   212.68170582454354       -48.344293588769844        164.33741223577371        136.42524193178235        2498420.5646305401     
   1.4421766907304053E-010   217.15480240080689       -48.260189784361579        168.89461261644533        139.29452154487888        2533081.7664355077     
   1.4637017159651875E-010   241.66081045329716       -44.939900975777839        196.72090947751931        155.01396513492261        2884531.4487176305     
   1.4852267411999697E-010   238.53703955602899       -40.023066712941869        198.51397284308712        153.01021404242931        2873234.2822874160     
   1.5067517664347517E-010   240.71687174736294       -44.171212051028988        196.54565969633396        154.40847315888928        2797048.4052992035     
   1.5282767916695339E-010   222.80871692319153       -41.226953933513045        181.58176298967848        142.92123994826741        2682209.4637622377     
   1.5498018169043162E-010   225.79210987303611       -44.128587684873146        181.66352218816297        144.83494523562248        2677315.3148621046     
   1.5713268421390984E-010   209.56998262215407       -40.453957745206871        169.11602487694719        134.42921886498908        2526599.1823081197     
   1.5928518673738804E-010   228.53343339279687       -43.834180009941996        184.69925338285489        146.59337444770136        2662257.6474470673     
   1.6143768926086626E-010   249.26614715728914       -41.520884649292725        207.74526250799644        159.89242845076009        2980825.1333421734     
   1.6359019178434448E-010   194.92210579041856       -40.994296932888716        153.92780885752984        125.03329958359569        2317804.8610747936     
   1.6574269430782271E-010   247.81110451495417       -36.748790817840472        211.06231369711372        158.95908750480504        2906688.7811586768     
   1.6789519683130090E-010   208.80122292210632       -39.200839753861715        169.60038316824460        133.93609592496088        2444290.9400051027     
   1.7004769935477913E-010   231.95203474440143       -35.117051230761490        196.83498351363994        148.78624531382900        2834623.1797717283     
   1.7220020187825735E-010   229.40253285535979       -39.464662557535831        189.93787029782396        147.15086059341030        2686452.6666902341     
   1.7435270440173557E-010   220.90693155701268       -41.344984967253353        179.56194658975934        141.70133470217488        2595895.7385833813     
   1.7650520692521377E-010   183.50867031236214       -40.877260015151627        142.63141029721049        117.71212125126100        2140637.8141657012     
   1.7865770944869200E-010   223.61202113826920       -37.943351882623936        185.66866925564526        143.43652155869989        2608413.5705936518     
   1.8081021197217022E-010   238.99990308889500       -40.210907785119822        198.78899530377515        153.30711907809200        2779636.7761916863     
   1.8296271449564844E-010   271.12666796629782       -36.767102965050761        234.35956500124703        173.91491726126503        3122100.4276121268     
   1.8511521701912664E-010   213.77922417256633       -38.947508635233262        174.83171553733308        137.12924797486488        2513581.2609918648     
   1.8726771954260486E-010   229.00220484070880       -37.797790105199205        191.20441473550960        146.89406913107416        2706833.1847232520     
   1.8942022206608309E-010   237.22126343492400       -38.307813169446646        198.91345026547737        152.16620597434516        2834391.0839773840     
   1.9157272458956128E-010   207.95303129553531       -39.905642880145535        168.04738841538978        133.39202116587032        2485624.8462689803     
   1.9372522711303951E-010   202.83177342686631       -35.624998612289367        167.20677481457693        130.10697677984965        2462045.9202916799     
   1.9587772963651773E-010   247.29958317196719       -37.606088526380063        209.69349464558712        158.63097078832621        2885129.2052250151     
   1.9803023215999595E-010   223.52877752656281       -35.015283460588641        188.51349406597416        143.38312472410948        2645226.6245155749     
   2.0018273468347415E-010   205.30290977815073       -34.727451426011363        170.57545835213935        131.69209371909650        2446840.3103793967     
   2.0233523720695238E-010   231.20698851879993       -39.074114202295704        192.13287431650423        148.30833344461587        2684494.3709961814     
   2.0448773973043060E-010   234.12086789866947       -40.155651328315550        193.96521657035393        150.17744906891258        2723348.0986402179     
   2.0664024225390882E-010   212.62591807459165       -33.650452765830181        178.97546530876147        136.38945673223023        2555583.8700956460     
   2.0879274477738702E-010   236.88064435405175       -39.141663631166487        197.73898072288529        151.94771496528341        2812394.0355139049     
   2.1094524730086524E-010   224.93790488531849       -39.689844133223225        185.24806075209526        144.28701319014203        2649606.2620137059     
   2.1309774982434347E-010   220.51508331254445       -43.918095374568829        176.59698793797563        141.44998261081906        2569078.9223516081     
   2.1525025234782169E-010   228.38828193664457       -45.021576533500571        183.36670540314401        146.50026666278134        2656145.7725720271     
   2.1740275487129989E-010   213.05217183910921       -41.284751964146601        171.76741987496257        136.66287833529282        2506964.4356713775     
   2.1955525739477811E-010   224.96193623749431       -37.866718089931339        187.09521814756297        144.30242816446631        2682560.8176414925     
   2.2170775991825633E-010   210.94618795737392       -41.422255082450945        169.52393287492299        135.31198941207163        2462391.6641188078     
   2.2386026244173456E-010   186.11345330362184       -40.407082309212740        145.70637099440907        119.38296618070480        2217942.5731716952     
   2.2601276496521275E-010   210.85425281808295       -42.629035116383520        168.22521770169945        135.25301737415623        2560953.0359346084     
   2.2816526748869098E-010   244.41705376432262       -47.748046150900720        196.66900761342188        156.78196468651407        2865281.5202242471     
   2.3031777001216920E-010   205.61849441660888       -46.826096839302963        158.79239757730593        131.89452631895125        2450930.8438220783     
   2.3247027253564742E-010   237.51259649161614       -44.279248753772677        193.23334773784345        152.35308233302334        2817495.8353524213     
   2.3462277505912565E-010   199.11005087629903       -46.122434300292689        152.98761657600636        127.71966802004977        2353712.9230631650     
   2.3677527758260385E-010   224.12989608498498       -46.518328039534424        177.61156804545055        143.76871381107154        2640773.4163469006     
   2.3892778010608204E-010   233.70363962309202       -47.147316953312178        186.55632266977983        149.90981688956850        2726688.9183535832     
   2.4108028262956029E-010   232.46669095354258       -45.088283992207728        187.37840696133483        149.11637289848221        2754636.4618997569     
   2.4323278515303849E-010   217.41975170480032       -45.222249359219560        172.19750234558074        139.46447397570418        2627589.8705709679     
   2.4538528767651674E-010   217.97572514529062       -44.008040031525169        173.96768511376547        139.82110460753253        2634963.9813433914     
   2.4753779019999494E-010   228.99224004871482       -44.721319336552753        184.27092071216208        146.88767718893081        2705619.3843474071     
   2.4969029272347313E-010   233.12802017384089       -40.667960123262937        192.46006005057799        149.54058427353195        2861057.5022796565     
   2.5184279524695138E-010   227.59131319911148       -40.669137933011385        186.92217526610011        145.98904896115303        2675470.0306283641     
   2.5399529777042958E-010   231.46535613998316       -44.145355419217637        187.32000072076551        148.47406403761920        2693340.8691517925     
   2.5614780029390778E-010   240.76346541539445       -42.683592303056976        198.07987311233748        154.43836079031033        2860752.5785344164     
   2.5830030281738603E-010   216.47872044389075       -40.947069750868145        175.53165069302261        138.86084698796097        2553201.1131018018     
   2.6045280534086422E-010   212.72467514723974       -41.832536236531013        170.89213891070872        136.45280471731550        2514806.7541114641     
   2.6260530786434247E-010   235.40301933262708       -44.862744642196091        190.54027469043100        150.99988849261717        2749652.4465961959     
   2.6475781038782067E-010   207.05806389772727       -43.850058635793786        163.20800526193349        132.81794196477648        2499257.7114829607     
   2.6691031291129887E-010   219.77266994564107       -41.137747322837669        178.63492262280337        140.97375959577167        2699320.6953202840     
   2.6906281543477712E-010   207.03165323458509       -44.811556592091158        162.22009664249393        132.80100077514865        2492885.7466874998     
   2.7121531795825532E-010   249.35150205502418       -45.971116983555113        203.38038507146908        159.94717957534988        2950480.3804721190     
   2.7336782048173351E-010   222.18728439449160       -42.308861741719042        179.87842265277257        142.52262041141782        2651658.3125342503     
   2.7552032300521176E-010   210.46761814052047       -47.915879420512475        162.55173872000799        135.00500953906206        2489250.5843850304     
   2.7767282552868996E-010   227.45540866437628       -50.581882158853730        176.87352650552253        145.90187263839880        2694365.1532454565     
   2.7982532805216821E-010   223.39137843699532       -48.796936206013214        174.59444223098211        143.29498971521070        2674163.4278458245     
   2.8197783057564641E-010   215.17692609751839       -44.465409416820386        170.71151668069800        138.02580756620750        2625031.4916195683     
   2.8413033309912460E-010   224.79855633355137       -44.465295816338092        180.33326051721329        144.19762769356643        2677652.2840181421     
   2.8628283562260285E-010   208.93090636642609       -44.839699916144724        164.09120645028136        134.01928171283708        2533284.3795146057     
   2.8843533814608105E-010   253.61679307923774       -46.564528663367540        207.05226441587021        162.68316176823222        2979957.6928903009     
   2.9058784066955925E-010   217.42272507146083       -39.769301065628738        177.65342400583208        139.46638124960177        2590938.6849504309     
   2.9274034319303750E-010   205.30903342595920       -40.273545822112602        165.03548760384660        131.69602174915687        2416443.7596218833     
   2.9489284571651570E-010   241.30635897897841       -35.858413680433216        205.44794529854522        154.78660130055076        2868051.3141523721     
   2.9704534823999394E-010   250.63150803173951       -37.129078729496804        213.50242930224272        160.76824278983986        2958349.7349918215     
   2.9919785076347214E-010   199.72214896496237       -36.561600312718724        163.16054865224365        128.11229995568399        2404385.7571346741     
   3.0135035328695034E-010   226.67927468901325       -41.495986882718206        185.18328780629503        145.40401944999283        2665616.8351415042     
   3.0350285581042859E-010   221.66873389766951       -41.809636727040647        179.85909717062887        142.18999482564615        2588518.3259321880     
   3.0565535833390679E-010   196.05803678318782       -44.653464459214888        151.40457232397293        125.76194551910555        2320124.9988825740     
   3.0780786085738498E-010   208.26950495268372       -42.036266318753178        166.23323863393054        133.59502402911195        2480646.9285888723     
   3.0996036338086323E-010   217.01899601237758       -41.084367165650114        175.93462884672746        139.20740817833180        2550259.1265856591     
   3.1211286590434143E-010   207.97461438436110       -41.355689154424581        166.61892522993654        133.40586569520244        2465250.4992038133     
   3.1426536842781968E-010   216.36556280494949       -40.453612622456951        175.91195018249252        138.78826172159245        2575573.7628388531     
   3.1641787095129788E-010   209.56964559999818       -43.087713228351006        166.48193237164719        134.42900268123708        2483050.4904956585     
   3.1857037347477607E-010   223.09074021327712       -39.037742072558238        184.05299814071887        143.10214453256705        2664198.8495788961     
   3.2072287599825432E-010   236.73334645600653       -42.661769632630474        194.07157682337606        151.85323033954208        2759872.1280356720     
   3.2287537852173252E-010   215.20999216703908       -39.742789078623822        175.46720308841526        138.04701788383497        2589165.1691971989     
   3.2502788104521072E-010   225.30504853708666       -43.168714086988935        182.13633445009771        144.52251845526109        2641411.2314190720     
   3.2718038356868897E-010   224.54359623001068       -44.148092083975207        180.39550414603545        144.03408286175477        2639849.5592767615     
   3.2933288609216717E-010   237.64348646587277       -44.061812870782532        193.58167359509022        152.43704205271422        2823553.6100671804     
   3.3148538861564541E-010   241.78253745379715       -48.611837977177395        193.17069947661977        155.09204724089622        2852487.8634422771     
   3.3363789113912361E-010   207.06366814369082       -44.194052494338422        162.86961564935240        132.82153682315166        2510780.3395676888     
   3.3579039366260181E-010   224.76528502571216       -47.648087767641165        177.11719725807100        144.17628572527747        2678252.8352170652     
   3.3794289618608006E-010   216.39916225324848       -45.835780307792518        170.56338194545597        138.80981417644600        2559610.3974349531     
   3.4009539870955826E-010   219.59593935568660       -44.979178721199816        174.61676063448678        140.86039529206812        2579034.1784880483     
   3.4224790123303645E-010   207.16092714240668       -42.062371091494235        165.09855605091246        132.88392386475641        2508791.0574904112     
   3.4440040375651470E-010   218.26686525127630       -49.301017395549103        168.96584785572719        140.00785719747043        2542699.6669681855     
   3.4655290627999290E-010   220.07564372774121       -50.362872355982311        169.71277137175892        141.16810292850803        2623705.2186811017     
   3.4870540880347115E-010   234.02069703061883       -46.931297121677261        187.08939990894154        150.11319420103220        2846804.7779272669     
   3.5085791132694935E-010   195.36687558299442       -49.678853108295783        145.68802247469864        125.31859834176049        2297061.9499383224     
   3.5301041385042754E-010   242.97024744706567       -45.558241842293327        197.41200560477236        155.85390695303400        2913072.8336282321     
   3.5516291637390579E-010   237.64833306946193       -48.238138578434693        189.41019449102723        152.44015091938721        2806128.0990289086     
   3.5731541889738399E-010   227.22611321016731       -46.673586778756302        180.55252643141100        145.75479046368596        2720929.7768186680     
   3.5946792142086219E-010   221.67786745362582       -49.952505234250054        171.72536221937577        142.19585356923773        2606832.7616953384     
   3.6162042394434044E-010   181.76050864726983       -45.663971011922868        136.09653763534695        116.59075833397821        2206566.1053753863     
   3.6377292646781864E-010   206.31051061909622       -44.327752910723333        161.98275770837287        132.33842193977597        2509829.8154813214     
   3.6592542899129689E-010   215.96886713665330       -48.872762808383705        167.09610432826958        138.53380023741929        2540282.0644406383     
   3.6807793151477508E-010   230.09598055633131       -43.847316272247063        186.24866428408424        147.59567445271855        2745042.5401904518     
   3.7023043403825328E-010   234.73427254817500       -41.649939068639647        193.08433347953533        150.57091910144987        2821501.6761060688     
   3.7238293656173153E-010   242.04036434524824       -45.117170863160219        196.92319348208801        155.25743098138472        2863366.3289442165     
   3.7453543908520973E-010   224.99834421840390       -42.383023060794159        182.61532115760974        144.32578215998080        2750796.4954518294     
   3.7668794160868792E-010   256.91413401660895       -47.728872621499427        209.18526139510956        164.79824982137933        2991152.8466287279     
   3.7884044413216617E-010   224.11566394824021       -44.581116410271321        179.53454753796888        143.75958456936701        2707557.1726512238     
   3.8099294665564437E-010   217.09419774919954       -47.309894446477088        169.78430330272246        139.25564653103754        2530599.3591103302     
   3.8314544917912257E-010   194.68876701433399       -48.374551671885825        146.31421534244816        124.88362380938659        2299571.3113606474     
   3.8529795170260082E-010   200.56522018734427       -45.779793618232354        154.78542656911191        128.65309021798353        2430128.2132283216     
   3.8745045422607902E-010   208.59224227315786       -43.713875549692084        164.87836672346577        133.80204473573741        2480253.8647707254     
   3.8960295674955726E-010   194.97371371225501       -46.027935033575531        148.94577867867949        125.06640362136349        2303638.4368918622     
   3.9175545927303546E-010   208.80998964557801       -42.066182839228738        166.74380680634926        133.94171936288629        2478932.9651510394     
   3.9390796179651366E-010   206.39076774569673       -38.773818216906051        167.61694952879068        132.38990308560739        2443033.7796513387     
   3.9606046431999191E-010   267.19002398022428       -40.331402888722728        226.85862109150156        171.38974657901355        3086976.0320779351     
   3.9821296684347011E-010   242.79852162104655       -43.046828083078331        199.75169353796824        155.74375296837525        2828997.7785845329     
   4.0036546936694830E-010   237.36934580175603       -37.776700858746885        199.59264494300916        152.26119379966175        2876070.7574106418     
   4.0251797189042655E-010   244.70749216452705       -42.487374799035187        202.22011736549186        156.96826716542529        2912418.0697752503     
   4.0467047441390475E-010   242.99432318482778       -39.377398174121737        203.61692501070604        155.86935039860987        2890468.0503323567     
   4.0682297693738300E-010   235.77299291967492       -42.846619700545205        192.92637321912972        151.23720902719580        2727754.8344813613     
   4.0897547946086120E-010   210.10918045035149       -34.651721412919947        175.45745903743153        134.77508873600476        2579218.5404677931     
   4.1112798198433939E-010   209.80100230352139       -38.208788022141761        171.59221428137963        134.57740704976666        2481512.2844802830     
   4.1328048450781764E-010   197.28017694050374       -38.611313017683329        158.66886392282041        126.54589055090777        2335156.5768122077     
   4.1543298703129584E-010   231.04062704857395       -41.615202179109417        189.42542486946454        148.20162044014887        2691481.8495004610     
   4.1758548955477404E-010   197.82527931631876       -40.427183008526484        157.39809630779226        126.89554790958769        2343595.8489611293     
   4.1973799207825229E-010   215.65532029488347       -39.843299999127545        175.81202029575593        138.33267478763241        2549216.3592264913     
   4.2189049460173049E-010   232.37230314515674       -43.048834705478789        189.32346843967795        149.05582758949791        2726867.8988732062     
   4.2404299712520873E-010   205.13050854379168       -43.471672825516251        161.65883571827541        131.58150649197421        2449214.1140001141     
   4.2619549964868693E-010   225.31126258737345       -47.124799796648901        178.18646279072453        144.52650447422999        2656596.4477838222     
   4.2834800217216513E-010   206.67923364159137       -45.827077332470026        160.85215630912134        132.57494029641930        2441081.8728176272     
   4.3050050469564338E-010   215.26059224307230       -48.780627989639790        166.47996425343251        138.07947543625036        2535666.1536698020     
   4.3265300721912158E-010   193.53895021458598       -47.118147057933221        146.42080315665277        124.14607078631529        2381812.4565466898     
   4.3480550974259977E-010   225.63900192052597       -51.390811399942216        174.24819052058376        144.73673373509922        2683396.2468428439     
   4.3695801226607802E-010   240.76936595802630       -52.062899930303971        188.70646602772234        154.44214570896594        2870395.6871423251     
   4.3911051478955622E-010   214.29789003327545       -51.328795482852790        162.96909455042268        137.46194756110654        2580160.6083294931     
   4.4126301731303447E-010   236.04627389192274       -49.350454066630071        186.69581982529266        151.41250582862835        2849487.6947732465     
   4.4341551983651267E-010   240.56785200725253       -50.003473726655002        190.56437828059751        154.31288405300751        2808922.1852266458     
   4.4556802235999086E-010   204.22351911366101       -49.020399893275453        155.20311922038553        130.99971572649471        2438697.6826052088     
   4.4772052488346911E-010   235.41256445317265       -45.154269438026823        190.25829501514585        151.00601123540153        2829535.0369562511     
   4.4987302740694731E-010   205.11610550628987       -45.021347983930156        160.09475752235969        131.57226762552767        2464418.3787355614     
   4.5202552993042551E-010   237.01370731173427       -45.025886680978694        191.98782063075555        152.03306855093206        2841710.1323879291     
   4.5417803245390376E-010   225.63539440058790       -44.800934462861107        180.83445993772679        144.73441968190684        2691894.3988892427     
   4.5633053497738196E-010   209.78329283303191       -45.869767089148368        163.91352574388355        134.56604726314731        2522118.8089974308     
   4.5848303750086021E-010   221.43018313787852       -45.868082015399594        175.56210112247894        142.03697581072279        2652382.9783230694     
   4.6063554002433840E-010   207.90955047809030       -46.720859835226797        161.18869064286349        133.36413028067955        2503679.8799647517     
   4.6278804254781660E-010   249.84384947986129       -45.636179453689003        204.20767002617228        160.26299713138971        2918562.3259073989     
   4.6494054507129485E-010   225.97676447364023       -44.077148822586231        181.89961565105401        144.95339241688600        2653062.0643593520     
   4.6709304759477305E-010   223.92380286541282       -43.734272123857480        180.18953074155533        143.63651477104776        2644922.7362524313     
   4.6924555011825130E-010   211.43700859492188       -44.962182216471206        166.47482637845067        135.62682760637233        2525227.5412392276     
   4.7139805264172944E-010   253.32194555208747       -42.329267083915475        210.99267846817199        162.49403104319634        3032246.1393764215     
   4.7355055516520769E-010   206.85180849473136       -45.163797705428934        161.68801078930241        132.68563889176713        2485078.7887004921     
   4.7570305768868594E-010   231.10399347816224       -48.619744059606127        182.48424941855612        148.24226700377037        2764589.7016362152     
   4.7785556021216409E-010   224.57783914838782       -48.999307209979463        175.57853193840839        144.05604807218950        2687178.9239230277     
   4.8000806273564234E-010   229.88296469960673       -49.795525852874185        180.08743884673251        147.45903486880937        2740640.4166479222     
   4.8216056525912058E-010   212.67043576277379       -45.996852881354627        166.67358288141918        136.41801272089387        2555941.8555992963     
   4.8431306778259883E-010   211.11190852571531       -49.771021931258836        161.34088659445646        135.41829130833202        2455988.9993082508     
   4.8646557030607698E-010   206.73457570422519       -46.361149392517923        160.37342631170728        132.61043960866411        2421211.0130901239     
   4.8861807282955523E-010   247.98631386407865       -39.358816403177521        208.62749746090114        159.07147600456034        2982657.1863185870     
   4.9077057535303348E-010   213.95199625127918       -37.000602249750592        176.95139400152860        137.24007308107736        2637346.7474705013     
   4.9292307787651162E-010   249.75219524337547       -45.565284986902654        204.18691025647280        160.20420527932052        3005203.8127086172     
   4.9507558039998987E-010   231.77195987375225       -44.233757280934618        187.53820259281764        148.67073581244097        2786839.8705620430     
   4.9722808292346812E-010   221.74999062908503       -47.071761268109491        174.67822936097554        142.24211717062630        2634800.2105906252     
   4.9938058544694627E-010   220.53649799476111       -45.352990050789401        175.18350794397173        141.46371911528695        2643097.9965980928     
   5.0153308797042452E-010   258.38958148642871       -46.923905146244522        211.46567634018419        165.74467949781726        3133364.0186752933     
   5.0368559049390277E-010   230.35118480216235       -49.680877613325777        180.67030718883660        147.75937589024718        2701970.8138225982     
   5.0583809301738091E-010   224.90959212667391       -49.428669116388569        175.48092301028535        144.26885189633037        2649736.6254878156     
   5.0799059554085916E-010   260.52302591298343       -44.251422988701357        216.27160292428206        167.11318306004119        3085607.3167072595     
   5.1014309806433741E-010   226.61722667184074       -44.513150153722236        182.10407651811852        145.36421858549753        2654364.6280834749     
   5.1229560058781556E-010   235.21808762053718       -49.115718736296877        186.10236888424029        150.88126355745919        2768611.2312599472     
   5.1444810311129381E-010   250.65893078750486       -51.346882207127521        199.31204858037734        160.78583318895394        2956546.7199654570     
   5.1660060563477205E-010   215.49761694970812       -51.611330826316212        163.88628612339193        138.23151556034679        2571090.0805753553     
   5.1875310815825030E-010   235.26783987281490       -46.356839875891225        188.91099999692366        150.91317727108742        2791261.9955312395     
   5.2090561068172845E-010   229.98212271147753       -48.411738966313628        181.57038374516389        147.52264003741806        2677500.3677940224     
   5.2305811320520670E-010   235.53124643916595       -45.906487659465576        189.62475877970036        151.08214010877737        2807233.8486484517     
   5.2521061572868495E-010   238.61560545186904       -48.975228463616958        189.64037698825206        153.06061034382256        2830638.0199307813     
   5.2736311825216309E-010   254.27365540915608       -49.622800063648484        204.65085534550761        163.10450784464985        3035800.8646580908     
   5.2951562077564134E-010   209.98659171721536       -42.806891401807611        167.17970031540776        134.69645386935568        2632022.2258118861     
   5.3166812329911959E-010   220.53565983902803       -50.870720390886440        169.66493944814161        141.46318147807824        2581805.9199919240     
   5.3382062582259774E-010   236.08791729601242       -52.310452391867912        183.77746490414452        151.43921810016940        2817223.1544949706     
   5.3597312834607599E-010   232.51382443898902       -43.405205393338051        189.10861904565098        149.14660679720981        2874653.0477932510     
   5.3812563086955424E-010   214.29918411393083       -45.509150563625802        168.79003355030503        137.46277765256082        2620331.3019686625     
   5.4027813339303238E-010   235.30553149638703       -45.427174585684426        189.87835691070259        150.93735466257812        2775045.2581492094     
   5.4243063591651063E-010   258.01689694988460       -44.780444922983939        213.23645202690062        165.50562001752417        3056675.6765013090     
   5.4458313843998888E-010   217.41812580483415       -50.096937936700023        167.32118786813413        139.46343103787663        2554622.6666919570     
   5.4673564096346703E-010   213.91183353970303       -50.447435325682470        163.46439821402055        137.21431060365990        2555466.5142657529     
   5.4888814348694528E-010   228.37346838151549       -48.301261585541305        180.07220679597421        146.49076446871857        2737458.7045568046     
   5.5104064601042353E-010   256.38230079553205       -48.914799356062794        207.46750143946923        164.45710399705234        3024800.6101842704     
   5.5319314853390167E-010   226.24507034814928       -51.475589945054786        174.76948040309449        145.12549792873389        2653617.3606761969     
   5.5534565105737992E-010   212.68716963299892       -49.169233396102229        163.51793623689670        136.42874670614694        2543934.2585784560     
   5.5749815358085817E-010   236.81940649704120       -44.041676209548321        192.77773028749289        151.90843378016382        2800067.3807624518     
   5.5965065610433642E-010   203.30501361723014       -46.140606472418860        157.16440714481129        130.41053794987096        2378427.7596394145     
   5.6180315862781456E-010   235.64380800082205       -45.655439869230108        189.98836813159195        151.15434301979701        2770897.1873636437     
   5.6395566115129281E-010   219.03931418225480       -48.687114141782040        170.35220004047275        140.50334660442309        2547600.6874105236     
   5.6610816367477106E-010   219.58535836251087       -44.510761478073967        175.07459688443689        140.85360808604921        2558558.9795730999     
   5.6826066619824921E-010   225.34426618370904       -40.583145650525111        184.76112053318391        144.54767471826790        2712043.0152027970     
   5.7041316872172746E-010   243.04171739102046       -47.200780946467518        195.84093644455294        155.89975153734878        2858201.7319657551     
   5.7256567124520571E-010   221.40942790371852       -46.285395683727032        175.12403221999148        142.02366231095255        2605523.7657769797     
   5.7471817376868385E-010   230.84031959048377       -48.151451841807955        182.68886774867582        148.07313269210889        2710245.4919067146     
   5.7687067629216210E-010   200.67646883899002       -45.411357782689414        155.26511105630058        128.72445095940944        2376055.6494037588     
   5.7902317881564035E-010   258.42812462734480       -48.365616696253092        210.06250793109174        165.76940309735727        3010130.9399754368     
   5.8117568133911850E-010   240.41622831654536       -47.472146805934095        192.94408151061128        154.21562463613796        2855303.0611546636     
   5.8332818386259675E-010   234.62494736385190       -51.523216842779213        183.10173052107268        150.50079217321840        2783395.5275769662     
   5.8548068638607500E-010   227.17764998594023       -55.781759092324329        171.39589089361590        145.72370360050542        2691971.3961751498     
   5.8763318890955314E-010   253.77597563609766       -46.618225709442427        207.15774992665524        162.78526983975976        3095531.3608793132     
   5.8978569143303139E-010   199.16068471711273       -52.020064107011294        147.14062061010142        127.75214723097278        2399603.0751217576     
   5.9193819395650964E-010   223.38001272187435       -48.331767570939718        175.04824515093463        143.28769914722744        2659735.1180808400     
   5.9409069647998789E-010   260.61433845656131       -51.603956780540621        209.01038167602067        167.17175573229204        3077322.9682060587     
   5.9624319900346603E-010   237.25479303935063       -48.916515504369244        188.33827753498136        152.18771362766233        2871797.3605813864     
   5.9839570152694428E-010   224.66044311930276       -39.928110388903846        184.73233273039889        144.10903460750481        2787425.4524055989     
   6.0054820405042253E-010   218.28703804061473       -47.602321806374832        170.68471623423989        140.02079708647153        2710179.3657689709     
   6.0270070657390068E-010   245.27618229491983       -49.526289607434705        195.74989268748513        157.33305495157862        2903333.6055689668     
   6.0485320909737893E-010   226.47259366110686       -50.513705398727815        175.95888826237908        145.27144335876051        2767890.3855280704     
   6.0700571162085718E-010   268.02879937617189       -50.731877163351058        217.29692221282082        171.92778127210079        3161481.6209302950     
   6.0915821414433532E-010   216.65169162574284       -53.915418976066100        162.73627264967675        138.97179980940800        2602206.5670620087     
   6.1131071666781357E-010   204.17093373523343       -46.074153565147640        158.09678017008579        130.96598469661492        2636337.7968485379     
   6.1346321919129182E-010   212.38329798974743       -53.079572837172606        159.30372515257483        136.23382743800363        2480692.0879451446     
   6.1561572171476997E-010   210.01947914715493       -46.284501744246995        163.73497740290793        134.71754959815206        2613873.5670537497     
   6.1776822423824822E-010   243.28948872540394       -50.482991512800098        192.80649721260383        156.05868511419769        2889939.5862946110     
   6.1992072676172647E-010   237.31472011225284       -46.794795318007360        190.51992479424547        152.22615400685365        2827153.6664960263     
   6.2207322928520461E-010   254.25464980454899       -50.531826263888362        203.72282354066061        163.09231664937744        3002705.1117378976     
   6.2422573180868286E-010   257.35035728105134       -43.831558427486094        213.51879885356522        165.07806638649993        3027278.0641911607     
   6.2637823433216111E-010   229.10898054632898       -42.980777863141505        186.12820268318748        146.96256068945806        2699465.6267716293     
   6.2853073685563936E-010   235.52151423145483       -38.650149824251862        196.87136440720298        151.07589735843661        2848720.7253766232     
   6.3068323937911750E-010   210.79012316072584       -44.324227469863075        166.46589569086277        135.21188123606655        2541180.4363736720     
   6.3283574190259575E-010   212.01862649341152       -43.702096124042775        168.31653036936873        135.99990794351595        2526037.0393196829     
   6.3498824442607400E-010   218.76221933801989       -44.807050909384579        173.95516842863532        140.32560338473132        2565578.4380812091     
   6.3714074694955215E-010   222.05113429410343       -43.528823815402930        178.52231047870052        142.43528656992692        2645226.1716060624     
   6.3929324947303040E-010   220.52321028663670       -43.797197569694774        176.72601271694191        141.45519567981532        2643049.1494765282     
   6.4144575199650865E-010   213.13286669287180       -46.661864902676207        166.47100179019557        136.71464026236850        2506994.1226918758     
   6.4359825451998679E-010   200.26192150636561       -45.009242494086422        155.25267901227917        128.45853847800342        2368515.6430888157     
   6.4575075704346504E-010   230.96951910007860       -41.318671453890516        189.65084764618811        148.15600805877764        2795167.3877817113     
   6.4790325956694329E-010   236.24763910274714       -44.708377789125670        191.53926131362149        151.54167207495340        2766183.1117549697     
   6.5005576209042144E-010   255.18175351500301       -51.313339768785930        203.86841374621707        163.68700977309572        3003236.5642708223     
   6.5220826461389969E-010   254.81264801107000       -46.336202707735644        208.47644530333434        163.45024607272393        3028473.3853926985     
   6.5436076713737794E-010   205.09271534772390       -42.106774087463613        162.98594126026032        131.55726394653794        2428523.7323427857     
   6.5651326966085608E-010   215.43299287915067       -42.652710311499888        172.78028256765077        138.19006227960392        2551571.8322476214     
   6.5866577218433433E-010   220.56238688776085       -46.305423222653374        174.25696366510749        141.48032561407885        2614864.6826579738     
   6.6081827470781258E-010   249.47014974153265       -45.255382175784220        204.21476756574845        160.02328644723059        2966894.9061808041     
   6.6297077723129083E-010   233.06591328873168       -46.980160157274327        186.08575313145735        149.50074564804319        2768486.1806413624     
   6.6512327975476898E-010   218.54235191174376       -46.214101005698296        172.32825090604547        140.18456884343709        2661827.1025980930     
   6.6727578227824722E-010   226.11603451025738       -41.037253258823576        185.07878125143381        145.04272754971126        2775311.9241184248     
   6.6942828480172547E-010   225.13843395682812       -45.606138501208690        179.53229545561942        144.41564309269523        2653763.2817688640     
   6.7158078732520362E-010   252.13330387000985       -43.439462411058166        208.69384145895168        161.73157369681121        2948497.9326466210     
   6.7373328984868187E-010   249.88253867249563       -43.543145247746203        206.33939342474943        160.28781441619012        2940130.0787290968     
   6.7588579237216012E-010   223.53139717868953       -47.456775179979665        176.07462199870989        143.38480510688510        2615659.2873087628     
   6.7803829489563826E-010   225.18199524598870       -43.260377705232131        181.92161754075659        144.44358559668049        2696027.9195178039     
   6.8019079741911651E-010   231.61450697776422       -43.424827446397799        188.18967953136641        148.56973723644802        2757238.7252611737     
   6.8234329994259476E-010   235.45975574602417       -42.337150537583469        193.12260520844069        151.03628221484180        2762234.8410699544     
   6.8449580246607291E-010   192.22443091814529       -39.392238114944725        152.83219280320057        123.30286891173159        2303863.5699052466     
   6.8664830498955116E-010   260.05326894712022       -39.717522529175568        220.33574641794462        166.81185621357557        3037128.3756945943     
   6.8880080751302941E-010   214.08749341426503       -43.169672667596103        170.91782074666892        137.32698809414700        2506858.1040222924     
   6.9095331003650755E-010   217.45329317040287       -45.318465927876879        172.13482724252597        139.48598923740403        2604493.4704137002     
   6.9310581255998580E-010   236.22522473105522       -43.250946832764996        192.97427789829021        151.52729431703122        2823526.1266790633     
   6.9525831508346405E-010   207.51496328568152       -38.430408418682966        169.08455486699856        133.11102128393321        2521784.0122240176     
   6.9741081760694230E-010   250.62416665270723       -48.284517402399707        202.33964925030753        160.76353364286967        2930755.9360695542     
   6.9956332013042045E-010   256.87073074427741       -42.755864579273627        214.11486616500378        164.77040867770640        3070194.1192636983     
   7.0171582265389869E-010   237.06055648173742       -42.420337890945866        194.64021859079156        152.06312007476768        2776171.0766332215     
   7.0386832517737694E-010   207.65552568053920       -45.008564407761810        162.64696127277739        133.20118540336520        2445478.0529570561     
   7.0602082770085509E-010   207.61372349827911       -41.286597715445950        166.32712578283318        133.17437128314739        2469297.6552744894     
   7.0817333022433334E-010   238.00561028599284       -43.826071583159774        194.17953870283307        152.66932733356435        2805876.3357632807     
   7.1032583274781159E-010   200.97074399089493       -44.752293582399126        156.21845040849581        128.91321453283243        2422383.5644362434     
   7.1247833527128973E-010   207.47611403198931       -43.183792624645370        164.29232140734393        133.08610132754447        2453934.2309244270     
   7.1463083779476798E-010   240.33081668444643       -43.494178052493652        196.83663863195278        154.16083711914064        2859502.3048312794     
   7.1678334031824623E-010   228.49972791014437       -43.874446995785142        184.62528091435925        146.57175397683167        2717362.6658820258     
   7.1893584284172438E-010   217.44743348707058       -42.759983170275198        174.68745031679541        139.48223052805403        2695876.4019470522     
   7.2108834536520263E-010   197.01879598194387       -46.982695874913496        150.03610010703034        126.37822704468543        2374917.2439993639     
   7.2324084788868088E-010   224.36077732834934       -48.831188770514444        175.52958855783490        143.91681319442651        2656497.6724443198     
   7.2539335041215902E-010   235.27631861660367       -50.564259020963689        184.71205959564000        150.91861598368462        2800051.5637690038     
   7.2754585293563727E-010   228.76440580465825       -51.770170610649394        176.99423519400889        146.74153231132951        2687594.9219677011     
   7.2969835545911552E-010   242.77352227948361       -47.306971784348818        195.46655049513478        155.72771707470193        2920438.8600506242     
   7.3185085798259377E-010   201.75438823550465       -42.122644755523403        159.63174347998125        129.41588520328267        2529126.2050419827     
   7.3400336050607192E-010   241.15632309492074       -50.284644186047998        190.87167890887272        154.69036038645021        2829484.1362190512     
   7.3615586302955017E-010   186.64915059339870       -49.208382044408651        137.44076854899004        119.72659062210502        2259269.5071541066     
   7.3830836555302841E-010   234.94799004295334       -50.143801624222036        184.80418841873131        150.70800875294179        2823234.0181527683     
   7.4046086807650656E-010   239.98234033367251       -56.394042521954191        183.58829781171829        153.93730604354801        2806245.9094618303     
   7.4261337059998481E-010   234.52118335850327       -54.249923350875186        180.27126000762806        150.43423247792805        2789490.1933932221     
   7.4476587312346306E-010   217.11826852601811       -52.343893639080022        164.77437488693809        139.27108679440306        2567527.5476168129     
   7.4691837564694120E-010   239.19975430220327       -55.695648497890495        183.50410580431279        153.43531416671161        2858680.2944499869     
   7.4907087817041945E-010   230.68971454271323       -56.232962881325022        174.45675166138821        147.97652668644147        2691237.5355900647     
   7.5122338069389770E-010   226.47794201258384       -54.194040044874384        172.28390196770945        145.27487407294137        2698990.4720742065     
   7.5337588321737585E-010   224.22447858701273       -48.725637395534683        175.49884119147805        143.82938400680669        2740778.4484988069     
   7.5552838574085410E-010   245.06889476456595       -46.860326504621639        198.20856825994429        157.20008981774947        2954950.4756331830     
   7.5768088826433235E-010   237.27560773567231       -53.358228802812853        183.91737893285946        152.20106526959324        2820483.8717684597     
   7.5983339078781049E-010   213.07143992393421       -48.369946337117703        164.70149358681650        136.67523789919431        2608487.0120705133     
   7.6198589331128874E-010   211.43580938355205       -52.782877219313477        158.65293216423859        135.62605836907184        2540316.0182200009     
   7.6413839583476699E-010   212.63568642827599       -48.487664693798351        164.14802173447765        136.39572266850101        2590840.4996518008     
   7.6629089835824514E-010   237.06688634314193       -53.223507006951522        183.84337933619040        152.06718038108389        2771111.8367220359     
   7.6844340088172339E-010   211.03906079387923       -44.743475067766340        166.29558572611290        135.37156293834184        2594922.8352614134     
   7.7059590340520164E-010   218.15191954753757       -44.741763233160306        173.41015631437728        139.93412497221496        2580838.6675941390     
   7.7274840592867988E-010   209.18031100798612       -44.192760478789076        164.98755052919708        134.17926297888826        2461846.0097596915     
   7.7490090845215803E-010   211.99606070653135       -41.108237126523697        170.88782358000765        135.98543305992138        2500735.6741101514     
   7.7705341097563628E-010   231.09155080600090       -44.540516676865060        186.55103412913584        148.23428561884916        2756598.8820203096     
   7.7920591349911453E-010   210.09614055973933       -44.845441849179679        165.25069871055965        134.76672426373088        2453251.2055310686     
   7.8135841602259267E-010   216.48540378759751       -46.150040801409546        170.33536298618796        138.86513403643360        2546334.7372373790     
   7.8351091854607092E-010   240.46466930081056       -44.432252962527173        196.03241633828338        154.24669723343621        2883356.1051516235     
   7.8566342106954917E-010   232.75323970740314       -47.151996617524141        185.60124308987901        149.30018035347283        2721301.4755822793     
   7.8781592359302732E-010   232.98140898238506       -41.141094957613589        191.84031402477149        149.44654013754607        2782978.2229326982     
   7.8996842611650557E-010   223.76205741321624       -43.607264295676394        180.15479311753987        143.53276272353745        2696145.9155155881     
   7.9212092863998382E-010   251.22334420160428       -40.609436263562763        210.61390793804151        161.14787766414534        3069419.3034053287     
   7.9427343116346196E-010   213.08455017898299       -45.963705804864787        167.12084437411821        136.68364750692189        2534099.3365249601     
   7.9642593368694021E-010   221.77543313525339       -47.929295798343887        173.84613733690952        142.25843733340622        2635120.2033504532     
   7.9857843621041846E-010   221.68564899629658       -44.204545305215873        177.48110369108070        142.20084506033632        2717589.3736146893     
   8.0073093873389661E-010   243.22753701040176       -51.382407926245122        191.84512908415664        156.01894602298390        2832728.9782952545     
   8.0288344125737486E-010   201.45668458655783       -53.555441037204112        147.90124354935369        129.22492241137684        2405549.9740715697     
   8.0503594378085311E-010   241.10392900847620       -48.136885699921109        192.96704330855508        154.65675206131820        2847763.4697692851     
   8.0718844630433135E-010   252.56663083586159       -51.851725406982894        200.71490542887872        162.00953242355126        2958011.4112170362     
   8.0934094882780950E-010   215.29805049200701       -49.739975910989862        165.55807458101714        138.10350312896350        2590812.7145174928     
   8.1149345135128775E-010   228.06498133732492       -51.830438717603705        176.23454261972122        146.29288463945278        2704795.9189872574     
   8.1364595387476600E-010   225.37993594231540       -48.674171678294535        176.70576426402090        144.57055517913622        2718079.9379319563     
   8.1579845639824414E-010   219.99215611996900       -42.524410480832444        177.46774563913655        141.11454958199676        2645210.0884241420     
   8.1795095892172239E-010   251.14095577893764       -41.558358021888552        209.58259775704909        161.09502939282319        3056080.0770461145     
   8.2010346144520064E-010   249.25980769624138       -42.685190823858655        206.57461687238273        159.88836198672732        3032376.1337608765     
   8.2225596396867879E-010   248.19187530929401       -51.893967988097010        196.29790732119699        159.20333393651850        2889699.9099091752     
   8.2440846649215704E-010   208.35066047538101       -52.811393647823742        155.53926682755727        133.64708145349249        2470882.4884751546     
   8.2656096901563529E-010   216.51744569122297       -49.220390625077549        167.29705506614545        138.88568740014259        2599007.4862103127     
   8.2871347153911343E-010   246.83591922700072       -50.968358990723601        195.86756023627709        158.33355232620761        2908590.4519167296     
   8.3086597406259168E-010   210.03778293229698       -46.493420308448918        163.54436262384806        134.72929060947502        2491980.4734944366     
   8.3301847658606993E-010   231.05524530842990       -48.344756698344121        182.71048861008578        148.21099736154292        2771699.8363739704     
   8.3517097910954808E-010   201.69444613872750       -47.173569586677957        154.52087655204954        129.37743518698710        2394465.1140364921     
   8.3732348163302633E-010   232.63771997161552       -42.324046110603057        190.31367386101249        149.22607991384348        2833507.6297895154     
   8.3947598415650458E-010   227.32054118002156       -48.497807496458492        178.82273368356306        145.81536153435022        2691338.6522783246     
   8.4162848667998283E-010   220.01147817919895       -50.071637481268965        169.93984069792995        141.12694376792288        2578768.4011404221     
   8.4378098920346097E-010   250.15058265502427       -48.628774761842827        201.52180789318146        160.45975193673547        2995625.1909999442     
   8.4593349172693922E-010   260.31816846301189       -48.907726786073731        211.41044167693815        166.98177670769155        3094685.3641877468     
   8.4808599425041747E-010   259.20658046720951       -50.140509182016189        209.06607128519332        166.26874565188035        3013500.6358852726     
   8.5023849677389562E-010   204.85355808379970       -47.904518161877746        156.94903992192195        131.40385588793640        2429169.1032881765     
   8.5239099929737386E-010   235.04366760317737       -47.847090761646861        187.19657684153051        150.76938137664914        2754453.0122059272     
   8.5454350182085211E-010   210.63237686050780       -49.176531549578101        161.45584531092970        135.11069445515531        2539613.8829189013     
   8.5669600434433026E-010   229.80009720578482       -50.987972881022266        178.81212432476255        147.40587929602941        2733590.3398833415     
   8.5884850686780851E-010   205.28729713987710       -47.021096475072014        158.26620066480507        131.68207895104007        2550141.4300095462     
   8.6100100939128676E-010   276.24118961987631       -51.664502051376509        224.57668756849981        177.19564068432436        3250026.1260902882     
   8.6315351191476490E-010   226.20044072260620       -44.884942102580503        181.31549862002569        145.09687013755439        2768611.7842167639     
   8.6530601443824315E-010   208.24374479893376       -46.325081519723362        161.91866327921039        133.57850011045187        2598294.8362388923     
   8.6745851696172140E-010   219.69727769889889       -51.366267974252295        168.33100972464661        140.92539903997445        2624308.1014431994     
   8.6961101948519955E-010   199.13695243747003       -46.257134215373043        152.87981822209701        127.73692409751476        2376260.4581382778     
   8.7176352200867780E-010   222.91401851055332       -45.211245116361646        177.70277339419167        142.98878592960108        2678427.7431863407     
   8.7391602453215605E-010   240.54587985662215       -49.263324259138933        191.28255559748322        154.29878995895322        2858425.2830014005     
   8.7606852705563430E-010   233.14245041700443       -47.936258081839512        185.20619233516493        149.54984059112203        2822918.4813442896     
   8.7822102957911244E-010   236.34896065791938       -47.746081896358547        188.60287876156085        151.60666505412706        2828552.4696693844     
   8.8037353210259069E-010   220.46540491897841       -46.930261571445499        173.53514334753291        141.41811627405653        2654515.5612268848     
   8.8252603462606894E-010   200.00482929087750       -38.976577159192985        161.02825213168452        128.29362599735180        2576978.8769399035     
   8.8467853714954709E-010   228.96723262859257       -47.511738648322471        181.45549398027009        146.87163611324431        2671312.9808033654     
   8.8683103967302533E-010   217.83523799564574       -49.641935800238549        168.19330219540720        139.73098875434098        2579346.2374815973     
   8.8898354219650358E-010   224.01451108732147       -45.149726079267957        178.86478500805350        143.69469979956779        2734557.0855615297     
   8.9113604471998173E-010   227.34068035049575       -49.140894026409420        178.19978632408632        145.82827985844207        2663620.4054229953     
   8.9328854724345998E-010   201.77260294175301       -46.198994322868124        155.57360861888489        129.42756907471400        2465066.4697807031     
   8.9544104976693823E-010   220.72713662777181       -49.329834593584565        171.39730203418725        141.58600476994258        2618962.8715410340     
   8.9759355229041637E-010   220.71699602505205       -47.138479910806758        173.57851611424530        141.57950005354482        2678037.6910814056     
   8.9974605481389462E-010   213.96697174944541       -42.147499967130777        171.81947178231459        137.24967915392909        2761861.5477680438     
   9.0189855733737287E-010   254.13344242360228       -47.852800045156158        206.28064237844612        163.01456785473869        2975126.2081896295     
   9.0405105986085102E-010   218.84678913229470       -45.932032618459687        172.91475651383502        140.37985090263291        2629419.4090774851     
   9.0620356238432927E-010   208.94494771380593       -46.795071458264168        162.14987625554178        134.02828857219961        2473503.3988629417     
   9.0835606490780752E-010   212.27762584310025       -51.476083230661573        160.80154261243865        136.16604376043762        2515750.0972494031     
   9.1050856743128577E-010   215.57211838645375       -47.691259534752263        167.88085885170148        138.27930470371896        2612767.9957595747     
   9.1266106995476391E-010   226.68959387634291       -46.903214558942011        179.78637931740090        145.41063871996028        2860992.9628435140     
   9.1481357247824216E-010   236.82899942854237       -54.719066569129588        182.10993285941279        151.91458719141190        2813353.8108899114     
   9.1696607500172041E-010   225.95459208121827       -47.230794337335141        178.72379774388313        144.93916987720564        2797383.3905036063     
   9.1911857752519856E-010   215.06446299818921       -50.938023910710363        164.12643908747884        137.95366781410752        2653485.1363773867     
   9.2127108004867681E-010   225.42147339259046       -53.113021986324256        172.30845140626622        144.59719948632301        2759255.5477829967     
   9.2342358257215505E-010   225.37330392231763       -58.504631047275694        166.86867287504194        144.56630105239228        2701291.4782233192     
   9.2557608509563320E-010   210.69176394106424       -53.410078704734758        157.28168523632948        135.14878845483020        2572593.2143286341     
   9.2772858761911145E-010   244.63373136445699       -57.006808570084729        187.62692279437226        156.92095310540481        2946322.1218826775     
   9.2988109014258970E-010   248.01358284870625       -57.477854549204999        190.53572829950127        159.08896776677202        2920349.6749838023     
   9.3203359266606784E-010   228.73284727876509       -55.755728822276680        172.97711845648843        146.72128901154363        2746501.9078757623     
   9.3418609518954609E-010   251.78590554423909       -49.346048235221730        202.43985730901736        161.50873412320411        3109639.1240231851     
   9.3633859771302434E-010   238.24269224659417       -60.023008971850416        178.21968327474374        152.82140418336817        2810880.8858968546     
   9.3849110023650259E-010   261.12612232191231       -56.233888532719916        204.89223378919243        167.50004084443464        3131705.7672069599     
   9.4064360275998084E-010   229.70271122911947       -56.972056035857314        172.73065519326218        147.34341080408353        2745896.8107377575     
   9.4279610528345888E-010   206.16842925792474       -51.803483870714004        154.36494538721075        132.24728347539011        2568990.3123059724     
   9.4494860780693713E-010   248.65237970823060       -46.404054563265440        202.24832514496515        159.49872569949127        3093197.7048763628     
   9.4710111033041538E-010   203.36067070868427       -53.576166202274230        149.78450450641006        130.44623933818460        2454096.2262027632     
   9.4925361285389363E-010   243.48296841096831       -54.856478820648526        188.62648959031981        156.18279316951759        2944772.5147417658     
   9.5140611537737188E-010   242.65202513638692       -59.670984873162091        182.98104026322483        155.64978241136677        2840752.4492667033     
   9.5355861790085013E-010   222.80635838663255       -51.996394836733451        170.80996354989909        142.91972705876236        2685102.1330547477     
   9.5571112042432817E-010   247.85766412428532       -52.872410935012141        194.98525318927318        158.98895328918283        3009153.8141076937     
   9.5786362294780642E-010   195.15114888877434       -47.498479113023187        147.65266977575115        125.18021988398004        2456354.8648013212     
   9.6001612547128467E-010   206.41221408565173       -47.952618657781457        158.45959542787028        132.40365989701513        2499217.9310410819     
   9.6216862799476292E-010   223.44005147089976       -50.994442855237160        172.44560861566259        143.32621116136292        2634880.9585820548     
   9.6432113051824117E-010   220.25706063667135       -52.147872404174727        168.10918823249662        141.28447328389595        2622543.0008256207     
   9.6647363304171942E-010   216.41557986028482       -53.253962407013148        163.16161745327167        138.82034529384134        2576456.0987401139     
   9.6862613556519767E-010   217.75513830121207       -57.417783520836899        160.33735478037516        139.67960859378886        2566862.3840934299     
   9.7077863808867571E-010   202.05615787010453       -56.157066775441983        145.89909109466254        129.60945613242464        2461712.7699104538     
   9.7293114061215396E-010   225.73436403579964       -52.359509302873207        173.37485473292642        144.79790401580999        2681220.4422418852     
   9.7508364313563221E-010   232.35910673589430       -53.131353306057456        179.22775342983687        149.04736271792243        2818734.4620298417     
   9.7723614565911046E-010   223.34803230341677       -51.677970346266626        171.67006195715015        143.26718522334181        2664490.2570811021     
   9.7938864818258871E-010   227.84146972039051       -50.218256259734765        177.62321346065573        146.14951252243583        2736534.9470555908     
   9.8154115070606696E-010   250.61228084061065       -52.840248065982557        197.77203277462809        160.75590945730778        2974546.2187157907     
   9.8369365322954500E-010   217.38364210913812       -55.758716512319303        161.62492559681883        139.44131138019475        2593813.2744919364     
   9.8584615575302325E-010   201.86950007765674       -52.287847311950870        149.58165276570588        129.48972399846224        2415501.7616539891     
   9.8799865827650150E-010   221.68736243453247       -48.483994675367121        173.20336775916533        142.20194414981822        2653896.3446671497     
   9.9015116079997975E-010   225.71957089440201       -46.152192041748862        179.56737885265315        144.78841491618917        2724786.7099090968     
   9.9230366332345799E-010   194.76058365815942       -45.325235342804220        149.43534831535518        124.92969078524908        2347241.8326332597     
   9.9445616584693624E-010   227.48103973473846       -46.436187958044052        181.04485177669440        145.91831375617892        2673565.0013734819     
   9.9660866837041429E-010   214.29790835787145       -43.901786697422409        170.39612166044907        137.46195931546706        2599657.9936697599     
   9.9876117089389254E-010   260.17159149819429       -46.277638287353554        213.89395321084078        166.88775452647320        3132087.8459716490     
   1.0009136734173708E-009   232.71727684986584       -48.740492943733621        183.97678390613223        149.27711188352114        2781579.4816504698     
   1.0030661759408490E-009   219.34775748619700       -47.065651792937125        172.28210569325987        140.70119837639106        2627732.6457270784     
   1.0052186784643273E-009   235.99629366850152       -47.421136004720843        188.57515766378069        151.38044588230804        2866819.9410786536     
   1.0073711809878055E-009   202.24744060787421       -49.282292378816294        152.96514822905789        129.73215494977907        2477845.3904037117     
   1.0095236835112838E-009   230.42165847114154       -49.313145113356079        181.10851335778548        147.80458141134753        2742762.2519392492     
   1.0116761860347618E-009   238.00429703206413       -51.312074473373080        186.69222255869104        152.66848494336324        2788667.5524898544     
   1.0138286885582401E-009   266.38933869078477       -43.630188614521657        222.75915007626310        170.87614488534871        3214862.9318985795     
   1.0159811910817183E-009   223.44100551192261       -48.208955361858607        175.23205015006403        143.32682313349684        2637100.1476420774     
   1.0181336936051966E-009   225.59711032745253       -43.551139518142200        182.04597080931032        144.70986226207904        2780215.8454104103     
   1.0202861961286748E-009   223.43810367126471       -51.871834687442700        171.56626898382200        143.32496174014253        2687039.2922661635     
   1.0224386986521531E-009   217.26927116244687       -57.262706367576087        160.00656479487077        139.36794783436540        2562799.7018237398     
   1.0245912011756311E-009   188.28170927473633       -54.929303185263208        133.35240608947311        120.77379970013008        2301620.5122748986     
   1.0267437036991094E-009   195.30518956456527       -56.986054083411254        138.31913548115404        125.27902968231524        2330286.3699472789     
   1.0288962062225876E-009   220.40628844595628       -57.178247141311289        163.22804130464499        141.38019585629928        2672677.7062376528     
   1.0310487087460659E-009   216.65377785845172       -59.897956769969213        156.75582108848249        138.97313802888925        2579931.5288071246     
   1.0332012112695441E-009   208.02147456206325       -49.821929909665904        158.19954465239732        133.43592427995560        2674455.9140842557     
   1.0353537137930224E-009   209.58247194557785       -61.952102313732873        147.63036963184499        134.43723017448582        2526049.6052387375     
   1.0375062163165006E-009   211.46585188101903       -56.975272561346486        154.49057931967255        135.64532920841967        2558631.8012471609     
   1.0396587188399787E-009   221.16722395155386       -55.988888673491921        165.17833527806195        141.86829994613234        2693979.0890703979     
   1.0418112213634569E-009   240.45890676276682       -54.718828544159685        185.74007821860715        154.24300083818815        2855011.1703907624     
   1.0439637238869351E-009   212.50408426947871       -53.582775336150569        158.92130893332816        136.31130611615552        2565295.0491843261     
   1.0461162264104134E-009   237.69722676937116       -62.473473535591012        175.22375323378014        152.47151391233106        2801544.4507662454     
   1.0482687289338916E-009   223.65731360642584       -56.517797297660216        167.13951630876562        143.46557453202450        2712225.4488365133     
   1.0504212314573699E-009   234.55028028879980       -57.274231084227743        177.27604920457205        150.45289678071705        2782508.8746727365     
   1.0525737339808479E-009   232.99862747904746       -59.855567591926388        173.14305988712107        149.45758498770732        2777826.8799543036     
   1.0547262365043262E-009   199.01994460390043       -58.377278694869524        140.64266590903091        127.66186911363283        2403990.9484025184     
   1.0568787390278044E-009   188.74697769520813       -58.838575437009865        129.90840225819829        121.07224735729930        2269184.2406531069     
   1.0590312415512827E-009   228.56991871379233       -54.491773197199642        174.07814551659268        146.61677805321821        2716963.0602545310     
   1.0611837440747609E-009   231.63598578657374       -52.542094716164222        179.09389107040954        148.58351487508830        2810184.6132265055     
   1.0633362465982392E-009   209.48463425173225       -52.856107892616379        156.62852635911585        134.37447192736164        2491568.1782990200     
   1.0654887491217172E-009   224.50165230513107       -51.753574077554219        172.74807822757683        144.00717782035929        2658470.6020094198     
   1.0676412516451955E-009   238.07346291298288       -49.884398331227146        188.18906458175570        152.71285158035809        2862964.0809829123     
   1.0697937541686737E-009   246.44464270874363       -41.052203412671567        205.39243929607207        158.08256697013994        3094253.4047720740     
   1.0719462566921520E-009   240.32878211911057       -51.426235641439263        188.90254647767131        154.15953204183228        2842647.6176538696     
   1.0740987592156302E-009   207.03545279783447       -53.397761040709142        153.63769175712531        132.80343801503028        2460557.0112911323     
   1.0762512617391085E-009   195.75450964151446       -51.237396457455986        144.51711318405847        125.56724723240943        2327344.7155318735     
