   2.1525023668630528E-013   17846.987602644964       -18.281483316639026        17828.706119328326        11447.997334820064        402146804.58392656     
   4.3050047337261055E-013   20413.185787401446       -21.201917780834581        20391.983869620613        13094.091938222962        459975920.03104609     
   6.4575071005891585E-013   19472.550737450158       -24.029822640988989        19448.520914809167        12490.719101045399        438787875.84508002     
   8.6100094674522111E-013   17693.416491154752       -28.789255401002187        17664.627235753753        11349.488739745748        398708728.25635600     
   1.0762511834315264E-012   20145.044852450410       -33.277534933044102        20111.767317517366        12922.092227290192        453956128.53576267     
   1.2915014201178317E-012   18936.125256829953       -2.3473274469296834        18933.777929383021        12146.627559705415        427182935.65328586     
   1.5067516568041371E-012   17947.451582601105       -36.836226048309214        17910.615356552797        11512.440220106368        404468725.53831810     
   1.7220018934904422E-012   15787.147300357530       -41.314187069286334        15745.833113288243        10126.707332509157        355777231.63119113     
   1.9372521301767476E-012   18721.727919655594       -42.959957533583776        18678.767962122009        12009.101821513003        421940595.90636188     
   2.1525023668630527E-012   17816.603355296000       -26.674626467400810        17789.928728828600        11428.507279107811        401742288.92610985     
   2.3677526035493583E-012   218.55839989051546       -22.118258834739283        196.44014105577617        140.19486286180580        5246853.8014791105     
   2.5830028402356634E-012   206.96484678747765       -34.652419549072270        172.31242723840541        132.75814760320372        4858136.3772368301     
   2.7982530769219686E-012   240.97085009488944       -31.947176075741769        209.02367401914765        154.57138824071262        5658241.3803213919     
   3.0135033136082741E-012   247.38316797159248       -36.254179159455781        211.12898881213670        158.68458647880834        5761120.4810686251     
   3.2287535502945793E-012   195.14868187306695       -40.340752469571470        154.80792940349548        125.17863741023866        4535058.7250774885     
   3.4440037869808844E-012   241.21518536970143       -40.462415751234460        200.75276961846697        154.72811774807417        5588111.8995545516     
   3.6592540236671900E-012   273.86005309521977       -42.480593981878961        231.37945911334080        175.66825437157365        6284150.2326641623     
   3.8745042603534951E-012   230.50495158622033       -43.796791577300738        186.70816000891958        147.85801000000689        5294513.9402536741     
   4.0897544970398003E-012   216.50457359615567       -43.156839801430053        173.34773379472563        138.87743056076417        4983278.7991758045     
   4.3050047337261054E-012   238.28097932808933       -41.463357464971516        196.81762186311781        152.84596353291630        5509123.3473713500     
   4.5202549704124114E-012   202.05858010110364       -38.520525803446724        163.53805429765691        129.61100987889657        4738830.2937914860     
   4.7355052070987165E-012   195.69866324561215       -40.781362707853582        154.91730053775856        125.53142441425751        4551579.8032274870     
   4.9507554437850217E-012   229.47766043392971       -41.416449405725984        188.06121102820373        147.19905137710944        5314904.7299968712     
   5.1660056804713268E-012   238.34839533494207       -42.908203540072989        195.44019179486907        152.88920770856978        5490423.6706712758     
   5.3812559171576320E-012   221.92370372400859       -41.102222017446465        180.82148170656214        142.35354589417253        5156159.3189937966     
   5.5965061538439371E-012   215.57437902709378       -42.361958751999857        173.21242027509390        138.28075479762825        4981590.1242478713     
   5.8117563905302431E-012   227.58661105772384       -43.763692850897996        183.82291820682582        145.98603276014072        5226747.4044870511     
   6.0270066272165482E-012   211.04438851132892       -44.264630517963532        166.77975799336537        135.37498041677139        4845670.6814424722     
   6.2422568639028534E-012   226.79761848369350       -44.321565168016697        182.47605331567684        145.47993138965771        5206537.3282992616     
   6.4575071005891585E-012   221.05986321792841       -44.146874290133695        176.91298892779471        141.79943311998929        5085723.0428840891     
   6.6727573372754637E-012   220.52575309703766       -43.389859979184926        177.13589311785273        141.45682677226304        5079865.1844982933     
   6.8880075739617688E-012   238.07752646320827       -43.293815124766894        194.78371133844138        152.71545815538275        5476403.6930377316     
   7.1032578106480748E-012   206.09673338731409       -44.423653946060696        161.67307944125341        132.20129396982520        4735985.5188056920     
   7.3185080473343800E-012   198.09410547629983       -44.686093989792113        153.40801148650769        127.06798715992581        4553098.1415836401     
   7.5337582840206851E-012   215.10053006325015       -44.428085271938869        170.67244479131128        137.97680312825042        4941880.5310988678     
   7.7490085207069903E-012   244.45916578634970       -44.402147163465457        200.05701862288421        156.80897755426878        5603683.0936074955     
   7.9642587573932954E-012   208.52719331611712       -45.769672695309090        162.75752062080804        133.76031891043763        4771090.9852883350     
   8.1795089940796006E-012   224.97609566342084       -46.505920199225343        178.47017546419551        144.31151076562452        5131252.3762390073     
   8.3947592307659057E-012   250.31801365160732       -46.551436518776029        203.76657713283129        160.56715099170904        5705287.5438018218     
   8.6100094674522109E-012   213.68419517429604       -46.819700152767858        166.86449502152817        137.06829137293570        4873155.2774318811     
   8.8252597041385176E-012   219.63082020074006       -47.220439102738290        172.41038109800178        140.88276970225422        5002268.2961546509     
   9.0405099408248228E-012   221.12952518941876       -46.992618429590415        174.13690675982835        141.84411797559156        5039688.6258327924     
   9.2557601775111279E-012   210.18390853610330       -46.913456599962778        163.27045193614052        134.82302326398056        4792734.9385217726     
   9.4710104141974331E-012   238.09155610903773       -46.733465319112788        191.35809078992494        152.72445750875485        5428144.7766722022     
   9.6862606508837382E-012   211.67459675889455       -46.411951513135904        165.26264524575868        135.77922916166568        4841969.3250541547     
   9.9015108875700434E-012   245.09257372944836       -47.116429052367444        197.97614467708092        157.21527875231371        5587719.9474396976     
   1.0116761124256349E-011   233.52636546534865       -47.437999275003428        186.08836619034520        149.79610391287110        5324112.8417109521     
   1.0332011360942654E-011   201.69006717809370       -47.170156889055676        154.51991028903802        129.37462629112295        4613973.3146919189     
   1.0547261597628959E-011   238.54506048567285       -46.251736072904968        192.29332441276787        153.01535908893408        5457852.8197995052     
   1.0762511834315264E-011   245.53625751534426       -46.261117490936734        199.27514002440753        157.49988088862528        5615943.3072041264     
   1.0977762071001569E-011   213.46245942649148       -46.369907852262529        167.09255157422896        136.92605839186251        4884085.9264980173     
   1.1193012307687874E-011   216.81319620145084       -47.634648327152568        169.17854787429829        139.07539734605854        4949243.1940576052     
   1.1408262544374181E-011   217.64657778307765       -47.517267456881498        170.12931032619613        139.60997216270366        4971714.7203736193     
   1.1623512781060486E-011   194.58336557542933       -47.085934321203119        147.49743125422617        124.81601377801702        4450705.7804755187     
   1.1838763017746791E-011   221.76267553009697       -47.160702349132436        174.60197318096454        142.25025393388347        5065883.5295959515     
   1.2054013254433096E-011   232.38862963010936       -47.196259680678104        185.19236994943125        149.06630025639194        5307190.6069188882     
   1.2269263491119402E-011   229.30651962639732       -46.052235595305973        183.25428403109134        147.08927265410412        5242399.8708069352     
   1.2484513727805707E-011   203.10517414261676       -46.510905541688842        156.59426860092793        130.28235039106821        4653987.0266764704     
   1.2699763964492012E-011   230.36787328177675       -45.195011648128144        185.17286163364861        147.77008075957312        5282184.3661258817     
   1.2915014201178317E-011   244.47659837528471       -47.951572718582661        196.52502565670204        156.82015973448375        5584865.2226469144     
   1.3130264437864622E-011   240.80539878193525       -48.655378260420605        192.15002052151465        154.46525905903150        5493891.4372853767     
   1.3345514674550927E-011   220.08293915972635       -48.765128090866973        171.31781106885936        141.17278260262344        5024863.7565678870     
   1.3560764911237233E-011   233.29720851152823       -47.868009155536718        185.42919935599150        149.64911057959827        5332294.4952696860     
   1.3776015147923538E-011   222.09490779720682       -47.348337061736757        174.74657073547007        142.46336519910628        5083047.4978297940     
   1.3991265384609844E-011   216.25755352379022       -47.592686822744966        168.66486670104524        138.71897888292091        4954124.4567350727     
   1.4206515621296150E-011   213.46266931248789       -46.858118843962757        166.60455046852513        136.92619302378924        4891159.5794743001     
   1.4421765857982455E-011   215.25411600376103       -46.774235224401643        168.47988077935938        138.07532123543925        4932232.9941961560     
   1.4637016094668760E-011   241.75568620959410       -48.298051905907435        193.45763430368669        155.07482343938324        5523810.8840840654     
   1.4852266331355065E-011   238.90599569511170       -47.493095432862759        191.41290026224894        153.24688193232339        5464675.1920270957     
   1.5067516568041370E-011   240.68164220851398       -48.876714616644222        191.80492759186976        154.38587507814702        5487930.5850423630     
   1.5282766804727675E-011   223.76049273620160       -48.077022981398052        175.68346975480353        143.53175905733380        5111556.2285019662     
   1.5498017041413981E-011   225.68332652119830       -49.015928774043466        176.66739774715484        144.76516586726967        5150647.4167799000     
   1.5713267278100286E-011   209.82132061339266       -48.964577741470514        160.85674287192214        134.59044028329791        4790686.6140832426     
   1.5928517514786591E-011   228.91583016650191       -49.712399571159835        179.20343059534207        146.83866386817311        5215987.2364908261     
   1.6143767751472896E-011   249.56483185862925       -49.896969637155941        199.66786222147331        160.08402054131469        5683083.8601693818     
   1.6359017988159201E-011   195.00541794035604       -50.759653487707617        144.24576445264844        125.08674038221548        4456119.7860210156     
   1.6574268224845506E-011   248.45924472501622       -51.483714647750858        196.97553007726535        159.37483875440421        5654676.8343734583     
   1.6789518461531811E-011   208.65352084026483       -51.574278567503939        157.07924227276089        133.84135203445589        4757630.6078230208     
   1.7004768698218117E-011   232.30908121387054       -51.583687153227700        180.72539406064286        149.01527371469388        5292220.6696177842     
   1.7220018934904422E-011   228.25857933025171       -51.386349302978687        176.87223002727302        146.41706858334277        5200865.0423682109     
   1.7435269171590727E-011   221.47746720466662       -51.399474171349389        170.07799303331723        142.06730630024975        5046014.5050437655     
   1.7650519408277035E-011   183.54832943433883       -51.746109727104859        131.80221970723397        117.73756069979981        4189968.3860924514     
   1.7865769644963340E-011   223.34924110008174       -51.825180312089451        171.52406078799231        143.26796060915521        5094845.1075569633     
   1.8081019881649646E-011   239.20974504411126       -51.532973157502816        187.67677188660844        153.44172275449586        5454222.0263664955     
   1.8296270118335951E-011   270.89757214216132       -51.405077837197041        219.49249430496431        173.76796313978946        6165418.0364903035     
   1.8511520355022256E-011   213.32375719490418       -51.371918789885022        161.95183840501915        136.83708747907332        4875907.7489845362     
   1.8726770591708561E-011   229.00154737753971       -51.353443106920238        177.64810427061948        146.89364739958785        5224380.2254088614     
   1.8942020828394866E-011   236.34959934731742       -51.426811537330408        184.92278780998700        151.60707474312832        5393569.3871938810     
   1.9157271065081171E-011   207.71370914771987       -51.152846353421808        156.56086279429803        133.23850734206124        4750845.9768447587     
   1.9372521301767476E-011   202.88008486768706       -51.351022086706784        151.52906278098027        130.13796628116330        4643752.0617002826     
   1.9587771538453782E-011   246.97054698074629       -51.354949542644249        195.61559743810204        158.41990965442383        5639835.7830761708     
   1.9803021775140087E-011   225.09627593230331       -50.861742323711354        174.23453360859193        144.38860071651683        5157353.1171167148     
   2.0018272011826392E-011   206.69714153247810       -51.003619358164272        155.69352217431384        132.58642736032652        4738422.9021913959     
   2.0233522248512697E-011   231.17744105395133       -50.110127303788524        181.06731375016281        148.28938014524857        5301069.3408389734     
   2.0448772485199002E-011   234.45386709418861       -50.852503877720224        183.60136321646837        150.39105228238907        5360963.0314254183     
   2.0664022721885307E-011   212.04311076341540       -48.714646960726043        163.32846380268936        136.01561344317733        4898978.2528270958     
   2.0879272958571612E-011   235.78434138606033       -49.804946121917247        185.97939526414311        151.24448853093207        5411633.7455753172     
   2.1094523195257918E-011   225.39416732342795       -50.059311438128383        175.33485588529956        144.57968393613848        5172786.3251756914     
   2.1309773431944223E-011   219.92467083159676       -50.127692242764191        169.79697858883256        141.07126096552963        5045521.8943643942     
   2.1525023668630528E-011   228.06322133670628       -50.919055233976295        177.14416610273000        146.29175568240746        5217380.3786525838     
   2.1740273905316833E-011   213.14508699284559       -51.541284640636043        161.60380235220956        136.72247900606268        4866064.7905137083     
   2.1955524142003138E-011   225.23293535099614       -51.759955667087610        173.47297968390853        144.47626126157948        5134481.1677307263     
   2.2170774378689443E-011   210.93476118435984       -51.443581374254506        159.49117981010534        135.30465967834158        4813331.0755839394     
   2.2386024615375749E-011   186.26269154502748       -51.092740088320838        135.16995145670668        119.47869544481948        4251586.7157751266     
   2.2601274852062057E-011   213.18836182797742       -50.687780605779011        162.50058122219838        136.75023776335462        4860462.6518699238     
   2.2816525088748362E-011   243.97295671708008       -50.476794540802217        193.49616217627786        156.49709746262022        5558170.5431797290     
   2.3031775325434667E-011   204.65613878630643       -50.152858856149294        154.50327993015713        131.27722075813949        4673758.5015704837     
   2.3247025562120972E-011   238.08566372104349       -50.220080721961793        187.86558299908168        152.72067782091310        5431196.9379285974     
   2.3462275798807278E-011   198.90472465788014       -49.944317499356963        148.96040715852317        127.58796097494151        4550767.1061437922     
   2.3677526035493583E-011   224.40490455517411       -48.740809733971176        175.66409482120292        143.94511872062120        5147659.4686013553     
   2.3892776272179888E-011   233.95868445082402       -48.404239957509517        185.55444449331449        150.07341606793648        5371456.2360525075     
   2.4108026508866193E-011   233.82851633967311       -47.059493816978332        186.76902252269480        149.98991938924132        5383302.8268836439     
   2.4323276745552498E-011   215.96240400722260       -47.309158329865497        168.65324567735709        138.52965444597564        4969169.8302131183     
   2.4538526982238803E-011   217.28372101340423       -47.337892388337224        169.94582862506698        139.37721672942666        4999534.8871303881     
   2.4753777218925108E-011   228.27510888262927       -47.200696027709000        181.07441285492027        146.42767150837284        5256321.5437798928     
   2.4969027455611414E-011   233.03724260148837       -47.599572476558969        185.43767012492941        149.48235475998652        5348627.0149413254     
   2.5184277692297719E-011   228.00460910278318       -47.283538601570221        180.72107050121298        146.25415871015204        5244930.1844162019     
   2.5399527928984024E-011   231.82433469760451       -48.449434702093015        183.37489999551150        148.70433178153235        5315437.9570064452     
   2.5614778165670329E-011   240.24233005050522       -49.030441276624792        191.21188877388042        154.10407713408992        5496620.8430644097     
   2.5830028402356634E-011   216.57286882533322       -48.785002178297248        167.78786664703597        138.92123871590007        4957374.1119735986     
   2.6045278639042939E-011   212.86824784663176       -50.143532340785754        162.72471550584601        136.54489980454184        4863956.0886723008     
   2.6260528875729244E-011   235.28952780151965       -50.153171907338766        185.13635589418087        150.92708905023679        5369089.9697560007     
   2.6475779112415550E-011   207.51229903065553       -49.956122266199998        157.55617676445553        133.10931229050999        4750393.3920093914     
   2.6691029349101855E-011   222.66229584713963       -50.079181964735547        172.58311388240409        142.82731776230955        5087428.7054402437     
   2.6906279585788160E-011   207.98427808071847       -50.633559053216409        157.35071902750207        133.41206449875440        4748700.3179866951     
   2.7121529822474465E-011   249.00206438955820       -50.655958000826125        198.34610638873207        159.72303186190899        5669846.2421838213     
   2.7336780059160770E-011   221.74497423014083       -50.424693776598474        171.32028045354235        142.23889938827432        5060308.8300799802     
   2.7552030295847075E-011   210.64301419122509       -49.863842160221488        160.77917203100361        135.11751779903904        4812793.4621897917     
   2.7767280532533384E-011   226.69865007218741       -49.370448740881542        177.32820133130588        145.41644784070374        5180283.7182783242     
   2.7982530769219689E-011   224.81610988454713       -49.825337337154124        174.99077254739299        144.20888746521476        5128045.6304482259     
   2.8197781005905994E-011   215.37959769774227       -50.315864742011996        165.06373295573027        138.15581179946324        4912823.7216682835     
   2.8413031242592299E-011   224.43097019014655       -50.457604995466703        173.97336519467984        143.96183859101831        5118948.7851589592     
   2.8628281479278604E-011   209.86471761538539       -50.186043062835971        159.67867455254941        134.61827740484543        4795560.9898190387     
   2.8843531715964910E-011   253.50430288832212       -49.760386814939203        203.74391607338293        162.61100463816257        5782358.7424814412     
   2.9058781952651215E-011   217.68428133835002       -49.746567460784384        167.93771387756561        139.63415720781498        4975841.0552807599     
   2.9274032189337520E-011   205.12894371899191       -49.817212581135507        155.31173113785641        131.58050273097342        4695702.9730583010     
   2.9489282426023825E-011   242.69523023115511       -49.456532008924185        193.23869822223091        155.67749643351823        5548112.1525254901     
   2.9704532662710130E-011   250.06862400197676       -49.152538970299979        200.91608503167680        160.40717934227061        5729605.3314363649     
   2.9919782899396435E-011   200.69363577362120       -48.071902653081324        152.62173312053986        128.73546273496953        4635149.4729162129     
   3.0135033136082740E-011   226.72572906017461       -46.951768128864963        179.77396093130966        145.43381772906864        5236616.7231158679     
   3.0350283372769046E-011   221.39863546552763       -47.824928154665692        173.57370731086195        142.01673947297024        5102620.3131162571     
   3.0565533609455351E-011   196.27004686010540       -44.344845973650031        151.92520088645537        125.89793994290108        4584758.5589928767     
   3.0780783846141656E-011   209.19130522722162       -46.479357697919923        162.71194752930171        134.18631524985460        4849045.3195546623     
   3.0996034082827961E-011   217.83401222812665       -46.893678161040910        170.94033406708576        139.73020248252843        5045227.8727151696     
   3.1211284319514266E-011   205.38427864598853       -46.616446864879954        158.76783178110858        131.74428799428085        4771568.2323930366     
   3.1426534556200571E-011   216.71075602145081       -49.744797132437938        166.96595888901288        139.00968682203458        4984473.9583607167     
   3.1641784792886876E-011   210.31898936513829       -49.274163081406726        161.04482628373157        134.90967121853785        4853460.3450262593     
   3.1857035029573182E-011   223.80381915126898       -50.689657905282715        173.11416124598628        143.55955090071163        5140435.8131357934     
   3.2072285266259487E-011   236.48072395282233       -50.203659023377213        186.27706492944515        151.69118496765310        5429635.3957839282     
   3.2287535502945792E-011   216.65927536474433       -49.627919714477947        167.03135565026639        138.97666441882052        4994063.2419845946     
   3.2502785739632097E-011   225.25858553351256       -49.457473251921130        175.80111228159143        144.49271463890136        5191860.1803037263     
   3.2718035976318402E-011   224.78072215595910       -48.263863651251818        176.51685850470727        144.18618791324658        5196732.1171721192     
   3.2933286213004707E-011   236.26420723390959       -49.505908059540822        186.75829917436874        151.55229974644695        5444139.8017430753     
   3.3148536449691013E-011   241.87691842602615       -49.374799796033386        192.50211862999279        155.15258816480966        5569874.4489136562     
   3.3363786686377318E-011   209.37759767390983       -49.376451792348369        160.00114588156143        134.30581303181458        4833197.8809338585     
   3.3579036923063623E-011   223.43408771290308       -48.216653323886398        175.21743438901669        143.32238569304462        5164598.8530926248     
   3.3794287159749928E-011   216.60776139262740       -49.253374798306041        167.35438659432137        138.94362064534846        5003495.7729055742     
   3.4009537396436233E-011   219.99041673432598       -48.092218056248370        171.89819867807762        141.11343384848203        5102467.1946792975     
   3.4224787633122538E-011   207.37780318117802       -48.093339720136420        159.28446346104158        133.02303957263493        4811436.1173165161     
   3.4440037869808843E-011   218.09978103401309       -45.912530609419527        172.18725042459357        139.90068058500748        5084105.2540467400     
   3.4655288106495149E-011   220.13084383851660       -46.128775524235962        174.00206831428062        141.20351118535834        5121048.7767555639     
   3.4870538343181454E-011   235.29004568302148       -46.367978520480762        188.92206716254069        150.92742124669394        5461385.1523445947     
   3.5085788579867759E-011   194.85053730851118       -47.491463679874961        147.35907362863622        124.98739179185098        4542348.3710001167     
   3.5301038816554070E-011   243.25831276983629       -48.520168292795020        194.73814447704126        156.03868721515752        5623627.7398632718     
   3.5516289053240376E-011   238.64952303672058       -48.912539165618988        189.73698387110159        153.08236686820803        5515519.0415006047     
   3.5731539289926681E-011   227.19923712776156       -49.054182426238498        178.14505470152304        145.73755072964221        5262837.3415162154     
   3.5946789526612986E-011   221.90707344960336       -49.183937954327106        172.72313549527624        142.34287836073176        5133098.8913930245     
   3.6162039763299291E-011   182.89836737137367       -48.541542654356505        134.35682471701716        117.32064081784412        4257865.1102675246     
   3.6377289999985596E-011   206.09859814447722       -50.850372866703466        155.24822527777374        132.20249012323265        4749547.4588962197     
   3.6592540236671901E-011   215.38397512695812       -50.570823093676246        164.81315203328188        138.15861971299535        4960553.6136305118     
   3.6807790473358207E-011   229.31904107403543       -49.299333802843293        180.01970727119212        147.09730456976300        5286335.8287420711     
   3.7023040710044512E-011   236.24577438850881       -48.497730100143379        187.74804428836541        151.54047594908016        5461065.4900974231     
   3.7238290946730817E-011   242.64736930060513       -48.357709191408254        194.28966010919689        155.64679591320763        5604983.8563076584     
   3.7453541183417122E-011   225.02399278693341       -49.085898728103714        175.93809405882971        144.34223450200656        5195670.0267002489     
   3.7668791420103427E-011   256.01251149206888       -48.106213131829051        207.90629836023984        164.21990167166587        5906238.0060557146     
   3.7884041656789732E-011   223.26256310174335       -49.566509019121597        173.69605408262177        143.21236077818884        5149143.5704601500     
   3.8099291893476037E-011   217.03338469628500       -49.879586228725998        167.15379846755903        139.21663783762733        5004899.3625467662     
   3.8314542130162343E-011   195.46845120039234       -50.972619605451115        144.49583159494122        125.38375428981983        4505621.2603716096     
   3.8529792366848648E-011   200.77686417290442       -50.165131335225297        150.61173283767911        128.78884981151094        4642724.5626256270     
   3.8745042603534953E-011   208.86373587772758       -48.938334823159479        159.92540105456808        133.97619502545209        4856841.8733658213     
   3.8960292840221258E-011   194.80057964824346       -49.066874549248148        145.73370509899530        124.95534631872508        4541833.3419667305     
   3.9175543076907563E-011   209.09984668153331       -48.188413943949726        160.91143273758354        134.12764892416436        4868270.7104708850     
   3.9390793313593868E-011   205.87053341996048       -48.200073460577620        157.67045995938287        132.05619740333145        4784272.8857979849     
   3.9606043550280173E-011   267.39151563419188       -48.257909078145047        219.13360655604686        171.51899393262676        6168415.0368742757     
   3.9821293786966479E-011   243.25766510522087       -48.615335322510994        194.64232978270988        156.03827176897937        5616708.9357724916     
   4.0036544023652784E-011   237.53415992164975       -48.972632305598125        188.56152761605162        152.36691425217128        5477376.7764613787     
   4.0251794260339089E-011   244.81692629496342       -50.743967372005137        194.07295892295829        157.03846397742888        5622665.8132035295     
   4.0467044497025394E-011   242.32893924147595       -48.998306662058262        193.33063257941771        155.44253811074816        5578894.1206366504     
   4.0682294733711699E-011   234.82496796027655       -50.750760517534580        184.07420744274197        150.62909591308534        5395581.5662133358     
   4.0897544970398004E-011   214.52968584621865       -50.313558607095878        164.21612723912276        137.61063359753339        4945003.5410187300     
   4.1112795207084310E-011   210.01729771150531       -51.009935296176202        159.00736241532911        134.71615031049302        4837411.1808267906     
   4.1328045443770615E-011   196.82843827088001       -51.687392103201596        145.14104616767841        126.25612158815458        4535329.0334709492     
   4.1543295680456920E-011   230.49312369070665       -52.322279138841196        178.17084455186546        147.85042296519003        5283032.3297621273     
   4.1758545917143225E-011   196.92401752516020       -52.074208822584403        144.84980870257579        126.31743115325459        4533378.8243021471     
   4.1973796153829530E-011   215.72459369263171       -52.933921236748894        162.79067245588283        138.37711039158154        4942321.1212641969     
   4.2189046390515835E-011   233.00445379279293       -52.698212751340137        180.30624104145281        149.46132229204767        5337860.0159806758     
   4.2404296627202140E-011   203.97482031037927       -52.988329211853085        150.98649109852619        130.84018722227140        4684029.2875131415     
   4.2619546863888446E-011   225.48118696852163       -52.609098384260520        172.87208858426112        144.63550291731835        5185052.2024790449     
   4.2834797100574751E-011   205.89376566818962       -51.709228678129797        154.18453699005983        132.07109979031858        4757889.1428992134     
   4.3050047337261056E-011   214.92513863995694       -50.983356558358018        163.94178208159892        137.86429783653878        4975902.5446724901     
   4.3265297573947361E-011   196.51763701630628       -51.355669113881973        145.16196790242429        126.05675730252625        4552463.3487490881     
   4.3480547810633666E-011   226.17008335734664       -48.711347439483980        177.45873591786267        145.07739732542942        5263396.5751740159     
   4.3695798047319971E-011   241.06473115686046       -48.343591365927303        192.72113979093317        154.63160849587069        5597790.4782331986     
   4.3911048284006276E-011   214.01260278790380       -50.069764327940170        163.94283845996364        137.27894930406799        4964260.1281343875     
   4.4126298520692582E-011   235.77997263126178       -50.089578890820249        185.69039374044155        151.24168618162787        5456983.6600359036     
   4.4341548757378887E-011   238.98545017622212       -50.940473850736673        188.04497632548541        153.29784821908527        5518839.3525924077     
   4.4556798994065192E-011   204.36143415152227       -49.758279810092674        154.60315434142959        131.08818169178923        4765061.2320467653     
   4.4772049230751497E-011   233.51437422861068       -48.050180460033530        185.46419376857716        149.78841210239452        5441761.7845887365     
   4.4987299467437802E-011   204.44041170709673       -48.902177561594961        155.53823414550175        131.13884205340639        4772691.2280055229     
   4.5202549704124114E-011   236.60072885170709       -50.325793827973868        186.27493502373321        151.76816242699724        5477769.8173268009     
   4.5417799940810419E-011   225.67532264784236       -50.114928916017178        175.56039373182520        144.76003176156590        5237077.8394928910     
   4.5633050177496724E-011   209.89882082387928       -50.420131745376530        159.47868907850273        134.64015299800653        4867234.0049953982     
   4.5848300414183029E-011   221.63696011773399       -52.635578738205766        169.00138137952823        142.16961345058627        5102933.0074493960     
   4.6063550650869334E-011   208.89015968909430       -52.347192709071216        156.54296698002310        133.99314464904330        4813640.5724686868     
   4.6278800887555640E-011   249.80163158606783       -52.660291036450992        197.14134054961684        160.23591635191082        5731966.7817753823     
   4.6494051124241945E-011   224.96429175763117       -52.617226024841997        172.34706573278919        144.30393911907947        5169894.4445843399     
   4.6709301360928250E-011   223.77159064452798       -51.719636363653684        172.05195428087427        143.53887783994131        5161013.1222401541     
   4.6924551597614555E-011   212.38725228627041       -51.324169478137179        161.06308280813323        136.23636393195230        4903826.3254294293     
   4.7139801834300860E-011   253.74050149867605       -51.733606734981763        202.00689476369428        162.76251486061710        5833140.9370855633     
   4.7355052070987165E-011   207.22521256237835       -52.078985480751264        155.14622708162710        132.92515991718662        4785163.7762686452     
   4.7570302307673470E-011   231.47258952580631       -52.711176646164105        178.76141287964219        148.47870391206013        5328917.1266331635     
   4.7785552544359776E-011   225.17676229907315       -52.984747876935899        172.19201442213725        144.44022890906032        5181277.7775744908     
   4.8000802781046081E-011   229.64812291015613       -50.863398873038349        178.78472403711777        147.30839498270691        5312031.2058334788     
   4.8216053017732386E-011   212.59372820715566       -50.448172352342439        162.14555585481318        136.36880845674418        4945678.2270958312     
   4.8431303254418691E-011   210.65893673827384       -49.448353995192598        161.21058274308126        135.12773135889776        4926251.8864281289     
   4.8646553491104996E-011   207.39347303129679       -48.330457203075674        159.06301582822113        133.03309103938051        4859728.5401277831     
   4.8861803727791301E-011   249.51442147249625       -46.559017218633052        202.95540425386318        160.05168466598678        5848592.5399986738     
   4.9077053964477607E-011   211.04540010053566       -45.681148727588109        165.36425137294756        135.37562930333985        5009684.4914289238     
   4.9292304201163912E-011   248.54247455957247       -47.964972603921971        200.57750195565049        159.42822675160525        5807576.1265061088     
   4.9507554437850217E-011   231.99532164314866       -49.290164448152105        182.70515719499656        148.81401180935890        5414897.9418940423     
   4.9722804674536522E-011   221.95801042287988       -51.115034539903043        170.84297588297684        142.37555201677367        5168706.3552915370     
   4.9938054911222827E-011   220.85732474195484       -49.994310121192960        170.86301462076187        141.66951427963551        5156674.7729165936     
   5.0153305147909132E-011   258.63433179360226       -50.713624081224076        207.92070771237820        165.90167522878332        5993593.0142814023     
   5.0368555384595437E-011   230.20988081730499       -50.010104309453418        180.19977650785157        147.66873607595119        5357341.5713897226     
   5.0583805621281743E-011   223.97269245205737       -51.545348639036852        172.42734381302051        143.66787512552710        5194163.9266756093     
   5.0799055857968048E-011   261.60406628054182       -52.586575134165216        209.01749114637656        167.80661925903348        6031230.7726060944     
   5.1014306094654353E-011   226.65458135769865       -53.499850617609930        173.15473074008872        145.38817984740155        5220185.5481404886     
   5.1229556331340658E-011   235.74124847430591       -54.062342048449800        181.67890642585613        151.21684646887104        5417235.0575425886     
   5.1444806568026963E-011   250.45752412180215       -54.290109259046595        196.16741486275552        160.65664035128773        5750408.4830273101     
   5.1660056804713268E-011   215.32517164464468       -54.132871726341754        161.19229991830292        138.12090006395482        4960738.7352698669     
   5.1875307041399573E-011   236.57613380100781       -54.088564655859749        182.48756914514809        151.75238586676625        5437684.9252899624     
   5.2090557278085879E-011   229.98069437904408       -54.505904286846516        175.47479009219757        147.52172382980615        5280360.4341465356     
   5.2305807514772184E-011   236.40542277870253       -54.552774722157928        181.85264805654458        151.64288283063004        5424168.2805287521     
   5.2521057751458489E-011   239.60020004834317       -54.752522107182763        184.84767794116038        153.69218114822226        5496045.0163313877     
   5.2736307988144794E-011   253.67547304006575       -54.057821374659106        199.61765166540664        162.72080218408965        5827705.1834793249     
   5.2951558224831099E-011   211.09377664626584       -54.503677222504976        156.59009942376088        135.40666056636962        4859367.6781891277     
   5.3166808461517404E-011   220.11731483646776       -54.299373251789845        165.81794158467790        141.19483297126158        5062364.6194539992     
   5.3382058698203710E-011   235.66268318934547       -54.173283239353118        181.48939994999236        151.16645055932815        5411458.4927204950     
   5.3597308934890015E-011   233.13430604599773       -53.871257325938473        179.26304872005929        149.54461636282906        5358125.0759414090     
   5.3812559171576320E-011   215.81254877094619       -52.770171961359104        163.04237680958710        138.43352940887155        4967872.1259130556     
   5.4027809408262625E-011   235.76178655669364       -52.970451967308442        182.79133458938520        151.23002067606342        5413965.2582131783     
   5.4243059644948930E-011   257.65945399773739       -53.043514627748841        204.61593936998852        165.27633729179823        5911840.3969370145     
   5.4458309881635235E-011   217.11602852687594       -52.517975599469580        164.59805292740637        139.26964994103710        5002191.8415447967     
   5.4673560118321540E-011   214.25574260180284       -52.454994301068787        161.80074830073406        137.43491197986950        4937494.6228421694     
   5.4888810355007846E-011   227.63472572039655       -53.023373112917447        174.61135260747909        146.01689603759161        5232445.4138854854     
   5.5104060591694151E-011   257.31232576902937       -52.772875796165373        204.53944997286399        165.05367097266540        5912164.5380166648     
   5.5319310828380462E-011   226.66242475652535       -52.314155405075397        174.34826935144994        145.39321101629474        5221760.0465661827     
   5.5534561065066768E-011   211.20392442901371       -51.685748114038333        159.51817631497536        135.47731515253332        4874588.7234795094     
   5.5749811301753073E-011   237.08434701424463       -51.779285242092925        185.30506177215170        152.07838057467950        5462534.6239418760     
   5.5965061538439378E-011   203.11590569252076       -52.262078463102156        150.85382722941861        130.28923417209808        4686961.8971309178     
   5.6180311775125683E-011   235.62900140250281       -50.875347665969464        184.75365373653335        151.14484528819827        5441082.1003757017     
   5.6395562011811988E-011   218.06767501795693       -50.830216419811336        167.23745859814559        139.88008609621050        5042900.3794785365     
   5.6610812248498293E-011   219.72756995343485       -52.076210056945968        167.65135989648888        140.94483008665381        5064934.8544816170     
   5.6826062485184598E-011   226.18878869606797       -50.652967730963347        175.53582096510465        145.08939591435634        5234065.2587762708     
   5.7041312721870904E-011   243.22960389054469       -51.615130473017736        191.61447341752694        156.02027182871061        5603060.4061430832     
   5.7256562958557209E-011   221.70282045657888       -52.102266343957417        169.60055411262144        142.21185973888731        5120532.1649275729     
   5.7471813195243514E-011   231.33048701832303       -52.346349683965094        178.98413733435791        148.38755188331672        5328071.5321822753     
   5.7687063431929819E-011   199.67803772770205       -51.576126872868016        148.10191085483399        128.08400468603764        4622447.1242149882     
   5.7902313668616124E-011   259.08714249832400       -51.177700028585392        207.90944246973862        166.19213185128160        5961333.4658147832     
   5.8117563905302429E-011   240.85974245332977       -51.918037909342999        188.94170454398679        154.50011795057890        5545127.0228451621     
   5.8332814141988734E-011   234.28810556185590       -51.957065332243978        182.33104022961194        150.28472410966825        5396582.9731413629     
   5.8548064378675040E-011   227.56368491649573       -51.548818335480490        176.01486658101524        145.97132672629789        5246993.8953243550     
   5.8763314615361345E-011   252.53623814639542       -50.813377595489555        201.72286055090586        161.99003695262061        5812037.9315773919     
   5.8978564852047650E-011   198.81544004786556       -50.696512933913930        148.11892711395163        127.53068912603094        4608173.5075710863     
   5.9193815088733955E-011   224.35103763687047       -50.349662946531716        174.00137469033876        143.91056564360312        5187238.7510232199     
   5.9409065325420260E-011   260.31604691570556       -50.786480931192557        209.52956598451300        166.98041583556849        5996017.6323947487     
   5.9624315562106565E-011   237.74997452575468       -50.685233847504605        187.06474067825010        152.50534909997958        5487046.7440927001     
   5.9839565798792871E-011   228.11628787846533       -52.445021724077108        175.67126615438823        146.32579535577710        5254724.4761009775     
   6.0054816035479176E-011   218.01074290219333       -53.053064785289905        164.95767811690345        139.84356684018596        5025964.3663034141     
   6.0270066272165481E-011   245.06537234413395       -52.416926061629177        192.64844628250475        157.19783035186001        5639797.0150329396     
   6.0485316508851786E-011   227.08876292515325       -51.801872255308446        175.28689066984484        145.66668676059689        5248159.7546170140     
   6.0700566745538091E-011   268.90261035786949       -52.037378890982048        216.86523146688745        172.48828963420263        6181258.2035457669     
   6.0915816982224396E-011   216.56727101077726       -51.740084223199339        164.82718678757792        138.91764798296833        5002375.8280859971     
   6.1131067218910701E-011   204.43956477232712       -50.402494260107467        154.03707051221966        131.13829878486152        4759598.0383649003     
   6.1346317455597007E-011   211.97972724337075       -49.984981865582469        161.99474537778826        135.97495591683739        4935138.4340125583     
   6.1561567692283312E-011   209.99564084021543       -52.395892784188028        157.59974805602741        134.70225845320445        4861734.3866642583     
   6.1776817928969617E-011   242.52262631126581       -52.608692024413770        189.91393428685205        155.56677919322726        5589481.0387517912     
   6.1992068165655922E-011   238.07468148948297       -51.493752680130214        186.58092880935277        152.71363323947256        5499545.2529447693     
   6.2207318402342227E-011   254.04461491658449       -51.883961389576250        202.16065352700824        162.95758921575268        5846796.3447401030     
   6.2422568639028532E-011   257.63024004693534       -52.796464155896167        204.83377589103918        165.25759792589696        5912481.4202288361     
   6.2637818875714837E-011   229.88037844760174       -51.809132621887727        178.07124582571402        147.45737591063005        5304693.1308903014     
   6.2853069112401143E-011   236.61962677813270       -53.321786959360182        183.29783981877253        151.78028455181581        5441124.9310384849     
   6.3068319349087448E-011   209.37013172459632       -52.864371251148476        156.50576047344785        134.30102397890852        4837455.4082340952     
   6.3283569585773753E-011   212.24369269331493       -53.039317400666292        159.20437529264865        136.14427725188429        4897952.0104592405     
   6.3498819822460058E-011   218.64895213438007       -53.968345615456478        164.68060651892358        140.25294783779751        5029834.3494199011     
   6.3714070059146363E-011   221.87193561946020       -52.821684378123031        169.05025124133718        142.32033910678106        5118209.0519290492     
   6.3929320295832668E-011   221.39964383209207       -52.083756426147076        169.31588740594498        142.01738629236627        5121577.8991783457     
   6.4144570532518974E-011   212.54797549121196       -52.327275576072566        160.22069991513939        136.33946025626094        4920076.5175205944     
   6.4359820769205279E-011   199.64827417610431       -48.901126594795734        150.74714758130858        128.06491277725439        4671982.5155150834     
   6.4575071005891584E-011   233.96017269873261       -51.124392906920420        182.83577979181220        150.07437070848815        5422006.0017455043     
   6.4790321242577889E-011   236.12387560948699       -51.205584447681233        184.91829116180574        151.46228365532002        5467460.9571100026     
   6.5005571479264194E-011   255.42401337758054       -51.527425484112790        203.89658789346771        163.84240800179796        5898096.0203344757     
   6.5220821715950499E-011   254.44394302818876       -52.823207725494498        201.62073530269427        163.21373928763859        5856748.1600866029     
   6.5436071952636804E-011   207.65689474915234       -52.139536875029549        155.51735787412278        133.20206359604305        4818345.1191378227     
   6.5651322189323110E-011   215.58573178151707       -52.943819910876684        162.64191187064040        138.28803705193775        4988076.7335493835     
   6.5866572426009415E-011   221.66766593259780       -53.975196321011566        167.69246961158623        142.18930977663021        5107302.2782176090     
   6.6081822662695720E-011   250.06019310269045       -54.586818429348376        195.47337467334208        160.40177131965589        5743662.8056664793     
   6.6297072899382025E-011   233.45186879725182       -54.470983488760318        178.98088530849151        149.74831782836134        5366100.4688951215     
   6.6512323136068330E-011   219.87481851113262       -54.534140900190202        165.34067761094241        141.03928306289893        5061103.1674866267     
   6.6727573372754635E-011   225.12835625993179       -53.222478717648229        171.90587754228358        144.40917872740405        5188962.9633006025     
   6.6942823609440940E-011   225.76503963250664       -52.115373406007691        173.64966622649894        144.81758095833746        5209050.7336730631     
   6.7158073846127246E-011   251.71864553640475       -51.152776303864449        200.56586923254031        161.46559001353299        5804850.2466136198     
   6.7373324082813551E-011   249.47514154185359       -53.158644588842684        196.31649695301093        160.02648845073068        5734799.7169525577     
   6.7588574319499856E-011   223.61066383714498       -53.221660634919765        170.38900320222521        143.43565091430887        5151963.7794755735     
   6.7803824556186161E-011   225.32484856747072       -54.399291056220193        170.92555751125053        144.53521923704642        5182462.1925916765     
   6.8019074792872466E-011   231.05543270465427       -54.589044011924841        176.46638869272942        148.21111756734598        5307703.0313306125     
   6.8234325029558771E-011   235.00433554519140       -54.717624269431731        180.28671127575967        150.74415172417102        5390007.4833115079     
   6.8449575266245077E-011   193.10305876203282       -54.640701195276179        138.46235756675662        123.86646706280737        4448731.7750434903     
   6.8664825502931382E-011   261.17261906160979       -52.540182593629169        208.63243646798060        167.52986630091982        6009599.2681938363     
   6.8880075739617687E-011   214.07897063055475       -52.212589779614845        161.86638085093989        137.32152113202585        4947270.4898132626     
   6.9095325976303992E-011   216.98933138162835       -50.591479406986238        166.39785197464212        139.18837972258808        5030558.3183062943     
   6.9310576212990297E-011   236.62966123508366       -51.880815164716921        184.74884607036674        151.78672118072981        5461810.0856371606     
   6.9525826449676602E-011   207.45909088872386       -53.879915499628865        153.57917538909498        133.07518178733562        4784851.7930665668     
   6.9741076686362907E-011   249.72786430160258       -53.150032700062567        196.57783160154003        160.18859813245794        5748267.4794663778     
   6.9956326923049213E-011   256.50531720214929       -54.041659878678701        202.46365732347058        164.53601319598542        5891360.2069924278     
   7.0171577159735518E-011   236.90742322078034       -54.894516178943491        182.01290704183685        151.96489234007430        5449388.2242133813     
   7.0386827396421836E-011   207.60571161871431       -55.108439009734902        152.49727260897942        133.16923204183971        4792833.5697872909     
   7.0602077633108141E-011   206.99233404534826       -54.370534833941498        152.62179921140677        132.77577937736362        4779728.0079054404     
   7.0817327869794446E-011   237.63785369731963       -53.051231273130021        184.58662242418961        152.43342889844862        5492269.3625053791     
   7.1032578106480751E-011   198.32261774924174       -53.801189371452601        144.52142837778914        127.21456696094639        4576646.8038490163     
   7.1247828343167056E-011   207.68298414117407       -53.764127662367301        153.91885647880679        133.21879870546218        4796058.6135596270     
   7.1463078579853362E-011   240.80788308602877       -54.092905182028943        186.71497790399982        154.46685262245373        5544123.4846979063     
   7.1678328816539667E-011   230.06057570807445       -55.583974292205362        174.47660141586908        147.57296391929361        5274192.6029931074     
   7.1893579053225972E-011   216.75851737394655       -56.155209122021802        160.60330825192477        139.04032346773928        4970971.0280389749     
   7.2108829289912277E-011   198.48976284769094       -54.628208591404253        143.86155425628667        127.32178262580686        4579469.5291020628     
   7.2324079526598582E-011   224.01483415861301       -54.753128508969972        169.26170564964303        143.69490703450103        5159585.8213417102     
   7.2539329763284887E-011   235.41602601686856       -54.463672606791846        180.95235341007671        151.00823166457687        5410843.7909046458     
   7.2754579999971192E-011   229.57560654049053       -53.969918896183657        175.60568764430690        147.26187916585616        5291893.2871864075     
   7.2969830236657498E-011   242.12960043953510       -54.004817514964635        188.12478292457047        155.31467170975361        5576959.9079363644     
   7.3185080473343803E-011   200.24351670898230       -52.571878379250485        147.67163832973182        128.44673267211155        4648032.9636349799     
   7.3400330710030108E-011   240.85720814678069       -54.382166988576820        186.47504115820388        154.49849231294942        5542861.0758277820     
   7.3615580946716413E-011   187.07573896018584       -53.178948975399365        133.89678998478649        120.00022685667723        4349102.0859153448     
   7.3830831183402718E-011   234.52601603830377       -54.717228163860320        179.80878787444342        150.43733241315007        5402440.9191091377     
   7.4046081420089023E-011   240.24759517769371       -56.256774806096765        183.99082037159693        154.10745446383115        5507816.9517948208     
   7.4261331656775328E-011   234.40643037495741       -56.008917013695957        178.39751336126145        150.36062387354932        5381969.5818413682     
   7.4476581893461634E-011   217.22740083707333       -56.030961158475506        161.19643967859784        139.34109000356753        4997013.0077479212     
   7.4691832130147939E-011   240.04007876826455       -55.663555002920560        184.37652376534399        153.97434251491461        5515075.6343919029     
   7.4907082366834244E-011   230.94613711758274       -55.155374276924555        175.79076284065818        148.14100962434961        5316862.4377337480     
   7.5122332603520549E-011   227.00337921197351       -54.179753976276253        172.82362523569728        145.61191715226400        5240988.8763094200     
   7.5337582840206854E-011   223.21899536239482       -55.324989146984997        167.89400621540983        143.18441413671351        5139052.4958129097     
   7.5552833076893159E-011   245.49348010825665       -55.229602000424990        190.26387810783166        157.47244120786613        5641891.4634643067     
   7.5768083313579465E-011   236.99465348820422       -53.857781365372034        183.13687212283219        152.02084642550415        5453699.9825506806     
   7.5983333550265770E-011   211.99232111034695       -53.624337890811866        158.36798321953509        135.98303428607196        4898416.8568009753     
   7.6198583786952075E-011   211.47184319891434       -54.753196924713720        156.71864627420064        135.64917235510777        4877938.9397276836     
   7.6413834023638380E-011   212.90800015047179       -55.517529750326332        157.39047040014546        136.57039902483302        4902246.9215112934     
   7.6629084260324685E-011   235.59985662615634       -54.857164433424366        180.74269219273197        151.12615029443421        5419951.1568119070     
   7.6844334497010990E-011   213.14969746402801       -52.681595765653285        160.46810169837471        136.72543640497975        4944911.0337510714     
   7.7059584733697295E-011   217.80389856957373       -53.063823039129154        164.74007553044459        139.71088599671404        5047145.7697739471     
   7.7274834970383601E-011   208.85538064615210       -51.729314031888727        157.12606661426335        133.97083554009032        4863973.2328234604     
   7.7490085207069906E-011   211.15968504257495       -51.991022066686774        159.16866297588817        135.44893768125800        4910354.9092656868     
   7.7705335443756211E-011   232.05557768217363       -53.407459621185232        178.64811806098837        148.85266320473849        5361637.9486868298     
   7.7920585680442516E-011   209.39014931033142       -53.130820931656814        156.25932837867461        134.31386431214835        4850841.3445508657     
   7.8135835917128821E-011   216.18313493505971       -53.176067803299823        163.00706713175990        138.67124288262684        4993654.5169077422     
   7.8351086153815126E-011   240.45223832857693       -53.840622790003195        186.61161553857372        154.23872335346451        5541110.4429753087     
   7.8566336390501431E-011   232.53565354286584       -51.797161842908409        180.73849169995742        149.16060913354616        5377300.2959165322     
   7.8781586627187737E-011   233.66697788232662       -53.680102661476887        179.98687522084973        149.88630011912431        5379447.9739201255     
   7.8996836863874042E-011   224.13744344826804       -54.520704209817154        169.61673923845089        143.77355508718344        5151503.6929504471     
   7.9212087100560347E-011   250.23718462066370       -54.421410055868989        195.81577456479471        160.51530299632623        5739758.0387522960     
   7.9427337337246652E-011   213.33791828649527       -53.318730369559844        160.01918791693544        136.84617114867640        4921903.7564496771     
   7.9642587573932957E-011   221.39286750341509       -51.434897528647127        169.95796997476799        142.01303959843892        5113152.8863664567     
   7.9857837810619262E-011   221.97692586692619       -50.395806411338732        171.58111945558747        142.38768537831629        5135100.8053055145     
   8.0073088047305568E-011   241.93826140306629       -49.812118528682987        192.12614287438331        155.19193677944989        5597496.9666514928     
   8.0288338283991873E-011   200.87548618782037       -48.952820138284522        151.92266604953585        128.85211116345724        4671220.5669973111     
   8.0503588520678178E-011   241.39772885682765       -47.919243913480130        193.47848494334752        154.84521075002147        5598269.3951035161     
   8.0718838757364483E-011   252.67060855138109       -50.856190665509970        201.81441788587114        162.07622920379507        5834012.2366467724     
   8.0934088994050788E-011   215.32280965935999       -49.606834550899642        165.71597510846036        138.11938496225551        5001919.4860354802     
   8.1149339230737093E-011   228.23845657478216       -49.629100925193576        178.60935564958859        146.40416078869899        5296820.5071589286     
   8.1364589467423398E-011   224.76761958822465       -48.018463230572685        176.74915635765197        144.17778323656711        5228946.9813631233     
   8.1579839704109704E-011   220.54678584025115       -46.340847285453137        174.20593855479802        141.47031828094859        5149340.6865581721     
   8.1795089940796009E-011   251.31952154943173       -47.152492640196670        204.16702890923506        161.20957087793096        5841716.0987973735     
   8.2010340177482314E-011   250.47698395585999       -47.426650073861161        203.05033388199885        160.66912291324107        5804576.9113130271     
   8.2225590414168619E-011   247.94831159739383       -49.028547823171273        198.91976377422256        159.04709935022456        5742909.5171189941     
   8.2440840650854924E-011   209.47450543008233       -50.525383283097284        158.94912214698505        134.36797476796224        4857658.8138465583     
   8.2656090887541229E-011   217.53527838168480       -51.155721529017207        166.37955685266758        139.53857886771848        5039033.7321104826     
   8.2871341124227534E-011   246.27109507228383       -49.856591607093392        196.41450346519042        157.97124438036229        5702343.3371623950     
   8.3086591360913840E-011   207.08903300444840       -51.554754361117602        155.53427864333079        132.83780718007773        4797301.3985234406     
   8.3301841597600145E-011   230.60070880971114       -49.163602204557151        181.43710660515396        147.91943372392714        5362394.9906882374     
   8.3517091834286450E-011   201.80158935226081       -49.317730551636210        152.48385880062460        129.44616248429256        4720026.9927352322     
   8.3732342070972755E-011   233.34194950135065       -48.553597650443663        184.78835185090699        149.67780980568890        5439964.7043223828     
   8.3947592307659060E-011   226.82924146824962       -48.037844814496573        178.79139665375305        145.50021603662321        5289033.8107687347     
   8.4162842544345365E-011   220.07815574537665       -46.506230786088267        173.57192495928840        141.16971426885499        5139689.9845717633     
   8.4378092781031671E-011   250.48290574279724       -49.358459383958916        201.12444635883833        160.67292145911247        5788298.0094787590     
   8.4593343017717976E-011   260.41476228214015       -51.706964083044099        208.70779819909603        167.04373706809301        5985142.5024548247     
   8.4808593254404281E-011   258.66476822083712       -52.667989747435065        205.99677847340203        165.92119875542119        5939283.0563423950     
   8.5023843491090586E-011   204.50990519692107       -53.346643481607870        151.16326171531318        131.18341883599902        4710728.3254381297     
   8.5239093727776891E-011   235.89305477486531       -54.896938911583476        180.99611586328186        151.31422302131261        5401673.0166016705     
   8.5454343964463196E-011   210.43197266579833       -55.394891767860273        155.03708089793807        134.98214465515542        4826768.0346712768     
   8.5669594201149501E-011   229.46802306398706       -55.051530229292375        174.41649283469468        147.19286946070568        5254290.7969498858     
   8.5884844437835807E-011   205.30863307352033       -54.966953215696982        150.34167985782335        131.69576494202755        4708024.3368148273     
   8.6100094674522112E-011   276.26146132218645       -53.574461104648947        222.68700021753750        177.20864402131238        6321093.1402618634     
   8.6315344911208417E-011   228.18692050910113       -52.944137497565215        175.24278301153592        146.37110284325192        5242909.6219785623     
   8.6530595147894722E-011   207.68848748840051       -52.521959600343720        155.16652788805681        133.22232884207591        4780108.8172048256     
   8.6745845384581027E-011   219.83271056596871       -51.482421768308249        168.35028879766045        141.01227281025891        5065327.1859574113     
   8.6961095621267332E-011   199.39873870084085       -51.409249651150049        147.98948904969080        127.90484758757857        4606480.1383607266     
   8.7176345857953637E-011   218.86682017621391       -52.228160979050188        166.63865919716375        140.39269986866049        5040359.1685180636     
   8.7391596094639943E-011   240.93182594911940       -51.769130816396512        189.16269513272289        154.54635609933865        5541989.8389642444     
   8.7606846331326248E-011   234.14760255419264       -51.123849731637193        183.02375282255545        150.19459808430898        5404698.4103565738     
   8.7822096568012553E-011   235.99993881067485       -51.217597329814673        184.78234148086017        151.38278406838262        5441929.1718128342     
   8.8037346804698858E-011   221.34350151451181       -50.295784646726119        171.04771686778568        141.98137365447246        5127079.1882717665     
   8.8252597041385163E-011   204.34094418768353       -50.063182092102210        154.27776209558132        131.07503835036721        4753419.7404733468     
   8.8467847278071468E-011   229.13228115672175       -48.450670863761815        180.68161029295990        146.97750692753559        5321191.2306801425     
   8.8683097514757774E-011   218.60399003801803       -49.888684770149275        168.71530526786873        140.22410678233308        5078792.6495972713     
   8.8898347751444079E-011   223.08052480708099       -52.394088941715722        170.68643586536527        143.09559183328182        5157613.6678712079     
   8.9113597988130384E-011   227.39605021572220       -53.049224327653036        174.34682588806916        145.86379700473333        5238711.8661604812     
   8.9328848224816689E-011   201.93124407782025       -54.084107581896255        147.84713649592399        129.52932985044410        4656274.4960508654     
   8.9544098461502994E-011   220.54568717435995       -52.358577237869405        168.18710993649054        141.46961353881090        5086151.0127309514     
   8.9759348698189299E-011   219.16140211176614       -52.974502981467708        166.18689913029843        140.58166022926432        5043092.8271187022     
   8.9974598934875604E-011   211.82607931267600       -52.189756055909555        159.63632325676645        135.87639804588144        4886420.7182158539     
   9.0189849171561910E-011   254.11805957903422       -52.488171840279463        201.62988773875475        163.00470048846162        5841161.2440286186     
   9.0405099408248228E-011   217.76216918729023       -51.812797296534683        165.94937189075557        139.68411857423351        5038117.5597611619     
   9.0620349644934533E-011   209.98308884810177       -53.296028931455346        156.68705991664646        134.69420694471108        4846596.5200942410     
   9.0835599881620838E-011   212.60160310949183       -50.179528147251638        162.42207496224017        136.37385983364675        4933174.8879704950     
   9.1050850118307143E-011   216.07128548198506       -52.142257989885913        163.92902749209912        138.59949675553759        4992444.8979032710     
   9.1266100354993448E-011   227.57256801359947       -52.827120213007042        174.74544780059242        145.97702481239693        5244023.3709436450     
   9.1481350591679753E-011   237.93535732292924       -52.780498674001521        185.15485864892767        152.62426338485648        5485743.5087469406     
   9.1696600828366059E-011   226.63182700625757       -54.151563701717947        172.48026330453962        145.37358400857133        5221164.8380397400     
   9.1911851065052364E-011   215.89157349518356       -54.540439708876072        161.35113378630751        138.48422002695207        4978617.4513865886     
   9.2127101301738669E-011   226.15669577219063       -54.290178327639424        171.86651744455119        145.06880982357205        5210704.7358251447     
   9.2342351538424974E-011   223.52824261768717       -53.649686979990548        169.87855563769662        143.38278160539838        5163046.3153070612     
   9.2557601775111279E-011   210.88887902169245       -55.581028861845063        155.30785015984739        135.27522844391555        4855968.5884959400     
   9.2772852011797584E-011   243.89823395662097       -56.269347852663884        187.62888610395709        156.44916635056745        5590661.9959657444     
   9.2988102248483889E-011   247.49428203347796       -54.584063240508407        192.91021879296954        158.75586088727701        5687139.0010073436     
   9.3203352485170195E-011   228.35166824677705       -54.928127493624970        173.42354075315208        146.47678071471253        5257081.4310633279     
   9.3418602721856500E-011   254.61052648777712       -55.379558375996226        199.23096811178087        163.32059468776842        5848719.3459118390     
   9.3633852958542805E-011   237.99821747400156       -55.600374733295169        182.39784274070638        152.66458519478681        5466470.0987064848     
   9.3849103195229110E-011   262.16199048198973       -55.204381839613376        206.95760864237636        168.16450121163041        6020908.3443000149     
   9.4064353431915415E-011   230.82013777998299       -56.132637692567513        174.68750008741546        148.06018701645939        5304625.4519553976     
   9.4279603668601720E-011   207.71944532635882       -55.787290237366015        151.93215508899280        133.24218682899948        4788997.2124546496     
   9.4494853905288026E-011   247.42704790349512       -56.474249736544863        190.95279816695026        158.71273337702206        5674820.3299638806     
   9.4710104141974331E-011   202.59163544529935       -56.608722569044772        145.98291287625460        129.95293963732595        4664146.9555388484     
   9.4925354378660636E-011   243.47553092741418       -56.536286174042061        186.93924475337212        156.17802237604806        5582292.3239678871     
   9.5140604615346941E-011   242.51101654771887       -56.555997197172140        185.95501935054671        155.55933207973658        5562334.7238009991     
   9.5355854852033246E-011   224.01563001208041       -56.635616750546291        167.38001326153412        143.69541753680969        5152445.8385708304     
   9.5571105088719551E-011   248.15885003750583       -56.948926399838363        191.20992363766746        159.18214978870429        5696678.6180434823     
   9.5786355325405856E-011   193.64782932956803       -56.196411758572580        137.45141757099546        124.21591158218986        4485316.8767089667     
   9.6001605562092162E-011   205.95437169695086       -55.849399306003569        150.10497239094730        132.10997568753891        4767633.3670701459     
   9.6216855798778467E-011   223.32478264072606       -55.847258210052921        167.47752443067313        143.25227166580228        5155959.0750505337     
   9.6432106035464772E-011   220.43105017684573       -56.301417778348664        164.12963239849705        141.39607933397849        5088175.0625634491     
   9.6647356272151077E-011   216.30138148423814       -57.019125612826343        159.28225587141179        138.74709244390775        4977312.6526089981     
   9.6862606508837382E-011   217.79225607017943       -56.913869822824957        160.87838624735448        139.70341788472766        5013903.3308064193     
   9.7077856745523687E-011   202.25399714062624       -56.533345877678833        145.72065126294743        129.73636065502990        4668386.2416238310     
   9.7293106982209992E-011   225.19248419595445       -56.269215850325324        168.92326834562911        144.45031376133920        5189606.1651237812     
   9.7508357218896298E-011   231.61007277870385       -56.954165578836616        174.65590719986724        148.56689290774926        5323138.2874739571     
   9.7723607455582603E-011   221.63154567688701       -57.095272887044729        164.53627278984229        142.16614034320446        5084505.4329309892     
   9.7938857692268908E-011   228.30908158218938       -56.546284103944934        171.76279747824444        146.44946338623370        5249707.4003346814     
   9.8154107928955213E-011   250.32957747121060       -56.156570526845890        194.17300694436469        160.57456863433569        5740618.1406625537     
   9.8369358165641518E-011   216.70468989282733       -56.022999501158274        160.68169039166904        139.00579568780731        4990053.2261272809     
   9.8584608402327823E-011   201.28861203928238       -55.111599696790783        146.17701234249159        129.11711183201723        4658684.3378365422     
   9.8799858639014129E-011   220.43755975286518       -53.693034478580643        166.74452527428454        141.40025491870912        5104113.9530964289     
   9.9015108875700434E-011   226.10648507936023       -52.919905814399577        173.18657926496061        145.03660204204053        5254231.2053026892     
   9.9230359112386739E-011   196.25682865143978       -53.159914872112466        143.09691377932731        125.88946108804085        4571969.5967494184     
   9.9445609349073044E-011   228.15836478847717       -52.906169112577942        175.25219567589926        146.35278570083688        5281947.8751073442     
   9.9660859585759349E-011   213.86247954488371       -53.029080794188665        160.83339875069504        137.18265235333027        4956410.1171413446     
   9.9876109822445654E-011   260.28542275169400       -52.345274491863478        207.94014825983052        166.96077188467936        6008579.7360207336     
   1.0009136005913196E-010   231.16749921003384       -48.188107964764498        182.97939124526934        148.28300292320949        5379873.1839043377     
   1.0030661029581826E-010   220.91453906441404       -49.950425855948886        170.96411320846516        141.70621455789026        5127901.7864785511     
   1.0052186053250457E-010   236.11474672627418       -52.504408194566913        183.61033853170727        151.45642790907215        5460301.0980222831     
   1.0073711076919087E-010   202.68559556353108       -51.334809715021663        151.35078584850942        130.01321060333123        4708522.9854346141     
   1.0095236100587718E-010   229.96820724436697       -55.321985041203398        174.64622220316357        147.51371392428675        5307161.5113791367     
   1.0116761124256349E-010   235.10135527889514       -54.371227710033310        180.73012756886183        150.80638528860183        5424863.5254802462     
   1.0138286147924979E-010   266.88302938640862       -54.721671242808995        212.16135814359959        171.19282408598255        6132785.5292131873     
   1.0159811171593610E-010   223.29007587324929       -56.869597186970587        166.42047868627870        143.23000891813754        5126752.0337740360     
   1.0181336195262240E-010   226.19912364046453       -55.949988403273174        170.24913523719135        145.09602529173597        5219077.9652639432     
   1.0202861218930871E-010   224.09567725251861       -55.414696461263468        168.68098079125514        143.74676405060791        5170003.8965640850     
   1.0224386242599501E-010   217.49723925473728       -56.119099380693783        161.37813987404348        139.51417856926980        5020699.9822137356     
   1.0245911266268132E-010   187.44806863023805       -54.598014473284159        132.85005415695389        120.23905870692182        4367129.2652281206     
   1.0267436289936762E-010   194.70020341966378       -53.808197290912155        140.89200612875160        124.89095972179099        4537007.3787800008     
   1.0288961313605393E-010   221.15163533893073       -53.790636817502950        167.36099852142780        141.85830058939291        5142946.5443055285     
   1.0310486337274023E-010   216.64970054893575       -51.347582316408257        165.30211823252750        138.97052262793130        5083641.3317102939     
   1.0332011360942654E-010   206.32097916638105       -52.231941745856638        154.08903742052439        132.34513701708113        4853418.8805706110     
   1.0353536384611284E-010   209.52134858705952       -53.259111098949816        156.26223748810969        134.39802243472647        4899120.1105320025     
   1.0375061408279915E-010   211.61800719387901       -53.994650010214833        157.62335718366415        135.74292963572324        4933989.2287278613     
   1.0396586431948545E-010   221.77578431825316       -56.638881237253713        165.13690308099945        142.25866260066894        5127689.8746485552     
   1.0418111455617176E-010   239.02058427617442       -56.551314250335103        182.46927002583931        153.32038508029515        5514508.6753390664     
   1.0439636479285806E-010   212.87204832134415       -56.463788970011940        156.40825935133222        136.54733762908387        4925273.4290970732     
   1.0461161502954437E-010   236.52311558569764       -57.110906075791256        179.41220950990638        151.71837719252488        5455475.3140871301     
   1.0482686526623067E-010   223.99420815874700       -57.596826098590768        166.39738206015625        143.68167643241000        5181819.3522234000     
   1.0504211550291698E-010   234.32833041417439       -57.477323975072672        176.85100643910172        150.31052644742900        5416399.2297351779     
   1.0525736573960328E-010   232.98649870623336       -57.039847641760844        175.94665106447252        149.44980495435144        5391794.4731437694     
   1.0547261597628959E-010   198.28577303838819       -57.218909697199486        141.06686334118868        127.19093282385587        4601907.9369321764     
   1.0568786621297589E-010   188.54138964423342       -56.961831428648544        131.57955821558488        120.94037235900655        4386637.0931242676     
   1.0590311644966220E-010   228.56707077246242       -55.689555512044322        172.87751526041808        146.61495123373018        5304351.9426339949     
   1.0611836668634850E-010   230.57133373268695       -56.400098641067622        174.17123509161931        147.90059100318510        5339505.3629607344     
   1.0633361692303481E-010   209.75370474764361       -57.247685428957055        152.50601931868655        134.54706790762754        4848248.8968403069     
   1.0654886715972111E-010   223.49685004594889       -57.720113723061736        165.77673632288716        143.36264475734345        5156403.7440440040     
   1.0676411739640742E-010   239.00777189481252       -57.340707774752339        181.66706412006016        153.31216654443077        5515546.8413789207     
   1.0697936763309372E-010   247.42695627476269       -58.975502305003928        188.45145396975875        158.71267460152964        5682925.2206982970     
   1.0719461786978003E-010   240.25274914501816       -58.999250119997903        181.25349902502026        154.11076048978393        5518543.7146081720     
   1.0740986810646633E-010   207.73113000056813       -58.758231868404664        148.97289813216346        133.24968199413235        4789785.9517890150     
   1.0762511834315264E-010   195.79685406154633       -57.414150215042952        138.38270384650340        125.59440917247809        4530546.5811204081     
